Função Objetivo: 52.5
Função Objetivo: 51.06
Função Objetivo: 50.02
Função Objetivo: 48.97
Função Objetivo: 46.81
Função Objetivo: 45.01

 Tempo Total: (0.36937904357910156,)[array([[1.        , 0.        , 0.        , 0.        , 0.        ,
        0.        , 0.        , 0.        , 0.        , 1.11111111,
        1.11111111],
       [0.        , 1.        , 0.        , 0.        , 0.        ,
        0.        , 0.        , 0.        , 1.13636364, 0.        ,
        0.        ],
       [0.        , 0.        , 1.        , 0.        , 0.        ,
        0.        , 0.        , 1.17647059, 0.        , 0.        ,
        0.        ],
       [0.        , 0.        , 0.        , 1.        , 0.        ,
        1.92307692, 0.        , 0.        , 0.        , 0.        ,
        0.        ],
       [0.        , 0.        , 0.        , 0.        , 2.        ,
        0.        , 2.38095238, 0.        , 0.        , 0.        ,
        0.        ]]), array([[0.        , 0.        , 0.        , 0.        , 0.        ,
        0.        , 0.        , 0.        , 0.        , 0.77777778,
        0.77777778],
       [0.        , 0.        , 0.        , 0.        , 0.        ,
        0.        , 0.        , 0.        , 0.79545455, 0.        ,
        0.        ],
       [0.        , 0.        , 0.        , 0.        , 0.        ,
        0.        , 0.        , 0.82352941, 0.        , 0.        ,
        0.        ],
       [0.        , 0.        , 0.        , 1.        , 0.        ,
        1.34615385, 0.        , 0.        , 0.        , 0.        ,
        0.        ],
       [0.        , 0.        , 0.        , 0.        , 1.        ,
        0.        , 1.66666667, 0.        , 0.        , 0.        ,
        0.        ]])]