Função Objetivo: 31.0
Função Objetivo: 27.85
Função Objetivo: 26.29
Função Objetivo: 25.75
Função Objetivo: 25.3

 Tempo Total: (0.19412803649902344,)[array([[1.        , 0.        , 0.        , 0.        , 0.        ,
        1.14942529, 0.        , 0.        , 1.14942529],
       [0.        , 1.        , 0.        , 0.        , 1.81818182,
        0.        , 0.        , 0.        , 0.        ],
       [0.        , 0.        , 2.        , 0.        , 0.        ,
        0.        , 0.        , 2.12765957, 0.        ],
       [0.        , 0.        , 0.        , 2.        , 0.        ,
        0.        , 2.27272727, 0.        , 0.        ]]), array([[0.        , 0.        , 0.        , 0.        , 0.        ,
        0.8045977 , 0.        , 0.        , 0.8045977 ],
       [0.        , 1.        , 0.        , 0.        , 1.27272727,
        0.        , 0.        , 0.        , 0.        ],
       [0.        , 0.        , 1.        , 0.        , 0.        ,
        0.        , 0.        , 1.4893617 , 0.        ],
       [0.        , 0.        , 0.        , 1.        , 0.        ,
        0.        , 1.59090909, 0.        , 0.        ]])]