Função Objetivo: 34.0
Função Objetivo: 31.83
Função Objetivo: 31.4747368421
Função Objetivo: 27.24
Função Objetivo: 25.8

 Tempo Total: (0.18645501136779785,)[array([[1.        , 0.        , 0.        , 0.        , 0.        ,
        0.        , 0.        , 0.        , 0.        , 0.        ],
       [0.        , 1.        , 0.        , 0.        , 0.        ,
        0.        , 0.        , 0.        , 1.2195122 , 1.2195122 ],
       [0.        , 0.        , 1.        , 0.        , 0.        ,
        0.        , 0.35526316, 1.31578947, 0.        , 0.        ],
       [0.        , 0.        , 0.        , 1.        , 0.        ,
        0.        , 1.        , 0.        , 0.        , 0.        ],
       [0.        , 0.        , 0.        , 0.        , 1.        ,
        1.44927536, 0.        , 0.        , 0.        , 0.        ]]), array([[0.        , 0.        , 0.        , 0.        , 0.        ,
        0.        , 0.        , 0.        , 0.        , 0.        ],
       [0.        , 0.        , 0.        , 0.        , 0.        ,
        0.        , 0.        , 0.        , 0.85365854, 0.85365854],
       [0.        , 0.        , 0.        , 0.        , 0.        ,
        0.        , 0.        , 0.92105263, 0.        , 0.        ],
       [0.        , 0.        , 0.        , 0.        , 0.        ,
        0.        , 0.95890411, 0.        , 0.        , 0.        ],
       [0.        , 0.        , 0.        , 0.        , 1.        ,
        1.01449275, 0.        , 0.        , 0.        , 0.        ]])]