Função Objetivo: 54.0
Função Objetivo: 46.65
Função Objetivo: 45.78
Função Objetivo: 42.81
Função Objetivo: 40.94
Função Objetivo: 39.12

 Tempo Total: (0.33544206619262695,)[array([[1.        , 0.        , 0.        , 0.        , 0.        ,
        0.        , 0.        , 0.        , 0.        , 1.14942529,
        1.14942529],
       [0.        , 1.        , 0.        , 0.        , 0.        ,
        0.        , 0.        , 0.        , 1.20481928, 0.        ,
        0.        ],
       [0.        , 0.        , 1.        , 0.        , 0.        ,
        0.        , 0.        , 1.36986301, 0.        , 0.        ,
        0.        ],
       [0.        , 0.        , 0.        , 1.        , 0.        ,
        0.        , 1.4084507 , 0.        , 0.        , 0.        ,
        0.        ],
       [0.        , 0.        , 0.        , 0.        , 1.        ,
        1.96078431, 0.        , 0.        , 0.        , 0.        ,
        0.        ]]), array([[0.        , 0.        , 0.        , 0.        , 0.        ,
        0.        , 0.        , 0.        , 0.        , 0.8045977 ,
        0.8045977 ],
       [0.        , 0.        , 0.        , 0.        , 0.        ,
        0.        , 0.        , 0.        , 0.84337349, 0.        ,
        0.        ],
       [0.        , 0.        , 0.        , 0.        , 0.        ,
        0.        , 0.        , 0.95890411, 0.        , 0.        ,
        0.        ],
       [0.        , 0.        , 0.        , 0.        , 0.        ,
        0.        , 0.98591549, 0.        , 0.        , 0.        ,
        0.        ],
       [0.        , 0.        , 0.        , 0.        , 1.        ,
        1.37254902, 0.        , 0.        , 0.        , 0.        ,
        0.        ]])]