Função Objetivo: 44.5
Função Objetivo: 38.13
Função Objetivo: 36.24
Função Objetivo: 34.56
Função Objetivo: 32.52

 Tempo Total: (0.18603897094726562,)[array([[1.        , 0.        , 0.        , 0.        , 0.        ,
        0.        , 0.        , 0.        , 1.20481928, 1.20481928],
       [0.        , 1.        , 0.        , 0.        , 0.        ,
        0.        , 0.        , 1.26582278, 0.        , 0.        ],
       [0.        , 0.        , 1.        , 0.        , 0.        ,
        0.        , 1.36986301, 0.        , 0.        , 0.        ],
       [0.        , 0.        , 0.        , 1.        , 0.        ,
        1.96078431, 0.        , 0.        , 0.        , 0.        ],
       [0.        , 0.        , 0.        , 0.        , 2.        ,
        0.        , 0.        , 0.        , 0.        , 0.        ]]), array([[0.        , 0.        , 0.        , 0.        , 0.        ,
        0.        , 0.        , 0.        , 0.84337349, 0.84337349],
       [0.        , 0.        , 0.        , 0.        , 0.        ,
        0.        , 0.        , 0.88607595, 0.        , 0.        ],
       [0.        , 0.        , 0.        , 0.        , 0.        ,
        0.        , 0.95890411, 0.        , 0.        , 0.        ],
       [0.        , 0.        , 0.        , 1.        , 0.        ,
        1.37254902, 0.        , 0.        , 0.        , 0.        ],
       [0.        , 0.        , 0.        , 0.        , 1.        ,
        0.        , 0.        , 0.        , 0.        , 0.        ]])]