Função Objetivo: 41.0
Função Objetivo: 39.4
Função Objetivo: 34.28
Função Objetivo: 31.9
Função Objetivo: 30.92

 Tempo Total: (0.35097694396972656,)[array([[1.        , 0.        , 0.        , 0.        , 0.        ,
        0.        , 0.        , 1.1627907 , 1.1627907 ],
       [0.        , 1.        , 0.        , 0.        , 0.        ,
        0.        , 1.20481928, 0.        , 0.        ],
       [0.        , 0.        , 1.        , 0.        , 0.        ,
        1.47058824, 0.        , 0.        , 0.        ],
       [0.        , 0.        , 0.        , 1.        , 1.66666667,
        0.        , 0.        , 0.        , 0.        ]]), array([[0.        , 0.        , 0.        , 0.        , 0.        ,
        0.        , 0.        , 0.81395349, 0.81395349],
       [0.        , 0.        , 0.        , 0.        , 0.        ,
        0.        , 0.84337349, 0.        , 0.        ],
       [0.        , 0.        , 1.        , 0.        , 0.        ,
        1.02941176, 0.        , 0.        , 0.        ],
       [0.        , 0.        , 0.        , 1.        , 1.16666667,
        0.        , 0.        , 0.        , 0.        ]])]