Função Objetivo: 44.5
Função Objetivo: 38.5
Função Objetivo: 38.0342465753
Função Objetivo: 35.46
Função Objetivo: 33.56
Função Objetivo: 33.02

 Tempo Total: (0.7622380256652832,)[array([[1.        , 0.        , 0.        , 0.        , 0.        ,
        0.        , 0.46575342, 1.36986301, 0.        , 0.        ,
        1.36986301],
       [0.        , 1.        , 0.        , 0.        , 0.        ,
        0.        , 1.        , 0.        , 0.        , 0.        ,
        0.        ],
       [0.        , 0.        , 1.        , 0.        , 0.        ,
        1.66666667, 0.        , 0.        , 0.        , 0.        ,
        0.        ],
       [0.        , 0.        , 0.        , 2.        , 0.        ,
        0.        , 0.        , 0.        , 0.        , 2.12765957,
        0.        ],
       [0.        , 0.        , 0.        , 0.        , 2.        ,
        0.        , 0.        , 0.        , 2.5       , 0.        ,
        0.        ]]), array([[0.        , 0.        , 0.        , 0.        , 0.        ,
        0.        , 0.05479452, 0.95890411, 0.        , 0.        ,
        0.95890411],
       [0.        , 1.        , 0.        , 0.        , 0.        ,
        0.        , 1.        , 0.        , 0.        , 0.        ,
        0.        ],
       [0.        , 0.        , 1.        , 0.        , 0.        ,
        1.16666667, 0.        , 0.        , 0.        , 0.        ,
        0.        ],
       [0.        , 0.        , 0.        , 1.        , 0.        ,
        0.        , 0.        , 0.        , 0.        , 1.4893617 ,
        0.        ],
       [0.        , 0.        , 0.        , 0.        , 1.        ,
        0.        , 0.        , 0.        , 1.75      , 0.        ,
        0.        ]])]