Função Objetivo: 41.0
Função Objetivo: 36.95
Função Objetivo: 34.87
Função Objetivo: 33.4
Função Objetivo: 30.85

 Tempo Total: (0.23744797706604004,)[array([[1.        , 0.        , 0.        , 0.        , 0.        ,
        0.        , 0.        , 1.17647059, 1.17647059],
       [0.        , 1.        , 0.        , 0.        , 0.        ,
        0.        , 1.26582278, 0.        , 0.        ],
       [0.        , 0.        , 1.        , 0.        , 0.        ,
        1.35135135, 0.        , 0.        , 0.        ],
       [0.        , 0.        , 0.        , 1.        , 1.81818182,
        0.        , 0.        , 0.        , 0.        ]]), array([[0.        , 0.        , 0.        , 0.        , 0.        ,
        0.        , 0.        , 0.82352941, 0.82352941],
       [0.        , 0.        , 0.        , 0.        , 0.        ,
        0.        , 0.88607595, 0.        , 0.        ],
       [0.        , 0.        , 0.        , 0.        , 0.        ,
        0.94594595, 0.        , 0.        , 0.        ],
       [0.        , 0.        , 0.        , 1.        , 1.27272727,
        0.        , 0.        , 0.        , 0.        ]])]