Função Objetivo: 48.5
Função Objetivo: 40.34
Função Objetivo: 38.94
Função Objetivo: 37.25
Função Objetivo: 36.48
Função Objetivo: 36.39

 Tempo Total: (0.24482512474060059,)[array([[1.        , 0.        , 0.        , 0.        , 0.        ,
        0.        , 0.        , 0.        , 1.12359551, 0.        ,
        1.12359551],
       [0.        , 1.        , 0.        , 0.        , 0.        ,
        0.        , 0.        , 1.14942529, 0.        , 0.        ,
        0.        ],
       [0.        , 0.        , 1.        , 0.        , 0.        ,
        1.92307692, 0.        , 0.        , 0.        , 0.        ,
        0.        ],
       [0.        , 0.        , 0.        , 2.        , 0.        ,
        0.        , 0.        , 0.        , 0.        , 2.04081633,
        0.        ],
       [0.        , 0.        , 0.        , 0.        , 2.        ,
        0.        , 2.5       , 0.        , 0.        , 0.        ,
        0.        ]]), array([[0.        , 0.        , 0.        , 0.        , 0.        ,
        0.        , 0.        , 0.        , 0.78651685, 0.        ,
        0.78651685],
       [0.        , 0.        , 0.        , 0.        , 0.        ,
        0.        , 0.        , 0.8045977 , 0.        , 0.        ,
        0.        ],
       [0.        , 0.        , 1.        , 0.        , 0.        ,
        1.34615385, 0.        , 0.        , 0.        , 0.        ,
        0.        ],
       [0.        , 0.        , 0.        , 1.        , 0.        ,
        0.        , 0.        , 0.        , 0.        , 1.42857143,
        0.        ],
       [0.        , 0.        , 0.        , 0.        , 1.        ,
        0.        , 1.75      , 0.        , 0.        , 0.        ,
        0.        ]])]