Solution: [3.5, 1.6, 0.8, 1.6666666666666665, 0.8333333333333333, 1.25, 0.6666666666666666, 0.7000000000000001, 0.5833333333333333, 0.2857142857142857]
Solution mochila: 75.2714285714
Padrão novo: [2.0, 0.0, 1.0, 0.0, 0.0, 0.0, 0.0, 0.0, 0.0, 1.0]
Função Objetivo: 11.8857142857
Solution: [0.0, 1.6, 0.09999999999999998, 1.6666666666666665, 0.8333333333333333, 1.25, 0.6666666666666666, 0.7000000000000001, 0.5833333333333333, 0.0357142857142857, 3.5]
Solution mochila: 75.1333333333
Padrão novo: [-0.0, -0.0, 4.0, -0.0, 2.0, -0.0, -0.0, -0.0, -0.0, -0.0]
Função Objetivo: 10.9357142857
Solution: [0.0, 1.6, 0.0, 1.6666666666666665, 0.7916666666666666, 1.25, 0.6666666666666666, 0.7000000000000001, 0.5833333333333333, 0.0357142857142857, 3.5, 0.125]
Solution mochila: 75.1047619048
Padrão novo: [0.0, 1.0, 0.0, 0.0, 5.0, 0.0, 0.0, 0.0, 0.0, 1.0]
Função Objetivo: 10.919047619
Solution: [0.0, 1.4100000000000001, 0.0, 1.6666666666666665, 0.0, 1.25, 0.6666666666666666, 0.7000000000000001, 0.5833333333333333, 0.0, 3.5, 0.125, 0.95]
Solution mochila: 75.09
Padrão novo: [2.0, 0.0, 0.0, 0.0, 1.0, 0.0, 0.0, 1.0, 0.0, 0.0]
Função Objetivo: 10.8516666667
Solution: [0.0, 1.430769230769231, 0.0, 1.6666666666666665, 0.0, 1.25, 0.6666666666666666, 0.6653846153846155, 0.5833333333333333, 0.0, 3.153846153846154, 0.21153846153846145, 0.8461538461538458, 0.3461538461538458]
Solution mochila: 75.05
Padrão novo: [0.0, 4.0, 0.0, 0.0, 0.0, 0.0, 0.0, 0.0, 3.0, 0.0]
Função Objetivo: 10.8205128205
Solution: [0.0, 0.0, 0.0, 1.6666666666666665, 0.0, 1.25, 0.6666666666666666, 0.3833333333333334, 0.08333333333333326, 0.26190476190476186, 0.3333333333333333, 0.9166666666666667, 0.0, 3.1666666666666665, 2.0]
Solution mochila: 75.0523809524
Padrão novo: [0.0, 0.0, 0.0, 0.0, 0.0, 0.0, 0.0, 6.0, 2.0, 4.0]
Função Objetivo: 10.7285714286
Solution: [0.0, 0.09039548022598898, 0.0, 1.6666666666666665, 0.0, 1.25, 0.6666666666666666, 0.0, 0.0, 0.0, 0.8983050847457629, 0.7754237288135593, 0.1694915254237289, 2.601694915254237, 1.8446327683615817, 0.733050847457627]
Solution mochila: 75.05
Padrão novo: [0.0, 4.0, 0.0, 0.0, 0.0, 2.0, 0.0, 0.0, 0.0, 0.0]
Função Objetivo: 10.6963276836
Solution: [0.0, 0.0, 0.0, 1.6666666666666665, 0.0, 1.2217514124293785, 0.6666666666666666, 0.0, 0.0, 0.0, 0.8983050847457629, 0.7754237288135593, 0.1694915254237289, 2.601694915254237, 1.8446327683615817, 0.733050847457627, 0.11299435028248594]
Solution mochila: 75.0211864407
Padrão novo: [0.0, 0.0, 0.0, 1.0, 0.0, 0.0, 6.0, 2.0, 0.0, 0.0]
Função Objetivo: 10.6906779661
Solution: [0.0, 0.0, 0.0, 1.4999999999999998, 0.0, 1.25, 0.0, 0.0, 0.021186440677966045, 0.0, 1.5762711864406782, 0.6059322033898304, 0.3728813559322034, 1.9237288135593218, 1.9067796610169492, 0.5127118644067796, 0.0, 1.0]
Solution mochila: 75.0211864407
Padrão novo: [0.0, 0.0, 0.0, 5.0, 0.0, 0.0, 0.0, 2.0, 0.0, 0.0]
Função Objetivo: 10.6694915254
Solution: [0.0, 0.0, 0.0, 0.0, 0.0, 1.25, 0.0, 0.0, 0.11016949152542371, 0.0, 2.7966101694915255, 0.3008474576271186, 0.7389830508474577, 0.7033898305084745, 1.8152542372881355, 0.11610169491525424, 0.0, 1.0, 1.8]
Solution mochila: 75.0257768362
Padrão novo: [-0.0, -0.0, -0.0, -0.0, -0.0, 2.999999999999985, -0.0, -0.0, 7.000000000000016, 1.0000000000000075]
Função Objetivo: 10.6313559322
Solution: [0.0, 0.0, 0.0, 0.0, 0.0, 0.4151830024813921, 0.0, 0.0, 0.0, 0.0, 2.2928039702233223, 0.42679900744416943, 0.5878411910669966, 1.2071960297766777, 0.0, 0.032133995037220364, 1.8530397022332508, 1.0, 1.8, 0.990818858560792]
Solution mochila: 75.0238833747
Padrão novo: [-0.0, -0.0, -0.0, -0.0, 0.9999999999999915, 7.0, -0.0, 0.0, -0.0, 0.0]
Função Objetivo: 10.6058157568
Solution: [0.0, 0.0, 0.0, 0.0, 0.0, 0.0, 0.0, 0.0, 0.0, 0.0, 2.854212518707631, 0.28644687032309224, 0.48416233823400123, 0.6457874812923688, 1.8789594154414997, 0.12570208645127184, 0.0, 1.0, 1.8, 0.15881679725327927, 1.360507086891452]
Solution mochila: 75.0
Padrão novo: [1.0, 0.0, 0.0, 0.0, 0.0, 4.0, 0.0, 0.0, 0.0, 2.0]
Função Objetivo: 10.5945945946
