Solution: [2.0, 1.25, 1.0, 0.6000000000000001, 0.8, 0.5, 0.5714285714285714, 1.0, 0.5555555555555556, 0.1]
Solution mochila: 93.1333333333
Padrão novo: [1.0000000000000004, 0.0, -0.0, -0.0, 4.0, -0.0, -0.0, -0.0, -0.0, -0.0]
Função Objetivo: 8.37698412698
Solution: [1.6666666666666665, 1.25, 1.0, 0.6000000000000001, 0.0, 0.5, 0.5714285714285714, 1.0, 0.5555555555555556, 0.1, 1.0]
Solution mochila: 93.0873015873
Padrão novo: [1.0, 2.0, 0.0, 0.0, 0.0, 0.0, 1.0, 0.0, 1.0, 0.0]
Função Objetivo: 8.24365079365
Solution: [0.8333333333333333, 0.0, 1.0, 0.6000000000000001, 0.0, 0.5, 0.2142857142857143, 1.0, 0.2777777777777778, 0.1, 1.0, 2.5]
Solution mochila: 93.0952380952
Padrão novo: [2.0, -0.0, -0.0, -0.0, -0.0, -0.0, 3.0, -0.0, -0.0, -0.0]
Função Objetivo: 8.0253968254
Solution: [0.49999999999999994, 0.0, 1.0, 0.6000000000000001, 0.0, 0.5, 0.0, 1.0, 0.2777777777777778, 0.1, 1.0, 2.5, 0.5]
Solution mochila: 93.0777777778
Padrão novo: [2.0, 0.0, 0.0, 1.0, 0.0, 0.0, 0.0, 0.0, 1.0, 1.0]
Função Objetivo: 7.97777777778
Solution: [0.0, 0.0, 1.0, 0.4500000000000001, 0.0, 0.5, 0.0, 1.0, 0.19444444444444448, 0.025000000000000022, 1.0, 2.5, 0.5, 0.7499999999999998]
Solution mochila: 93.062037037
Padrão novo: [-0.0, -0.0, 1.0, 3.0, -0.0, -0.0, 0.9999999999999943, 1.000000000000006, -0.0, 0.0]
Função Objetivo: 7.91944444444
Solution: [0.0, 0.0, 0.8649999999999999, 0.0, 0.0, 0.5, 0.0, 0.9156249999999995, 0.16944444444444462, 0.002500000000000141, 1.0, 2.5, 0.27500000000000113, 0.9749999999999986, 0.6750000000000005]
Solution mochila: 93.0416666667
Padrão novo: [0.0, 0.0, 0.0, 0.0, 0.0, 1.0, 0.0, 7.0, 0.0, 0.0]
Função Objetivo: 7.87756944444
Solution: [0.0, 0.0, 0.8649999999999999, 0.0, 0.0, 0.3255952380952382, 0.0, 0.0, 0.16944444444444462, 0.002500000000000141, 1.0, 2.5, 0.27500000000000113, 0.9749999999999986, 0.6750000000000005, 1.0464285714285708]
Solution mochila: 93.0222222222
Padrão novo: [-0.0, -0.0, 1.0, -0.0, -0.0, 1.0, -0.0, -0.0, 5.0, 1.0]
Função Objetivo: 7.83396825397
Solution: [0.0, 0.0, 0.8599999999999997, 0.0, 0.0, 0.32142857142857134, 0.0, 0.0, 0.15555555555555498, 0.0, 1.0, 2.5, 0.27500000000000113, 0.9749999999999986, 0.6750000000000005, 1.0464285714285708, 0.025000000000001354]
Solution mochila: 93.0257142857
Padrão novo: [2.0, 0.0, 2.0, 0.0, 0.0, 0.0, 0.0, 0.0, 0.0, 0.0]
Função Objetivo: 7.83341269841
Solution: [0.0, 0.0, 0.26666666666666755, 0.0, 0.0, 0.25000000000000017, 0.0, 0.0, 0.0, 0.05, 1.0, 2.5, 0.16666666666666857, 0.0, 1.0, 0.9999999999999991, 0.5, 1.0833333333333313]
Solution mochila: 93.019047619
Padrão novo: [0.0, 0.0, 0.0, 0.0, 0.0, 3.0, 3.0, 1.0, 0.0, 0.0]
Função Objetivo: 7.81666666667
Solution: [0.0, 0.0, 0.20000000000000012, 0.0, 0.0, 0.17063492063491992, 0.0, 0.0, 0.0, 0.05, 1.0, 2.5, 0.0, 0.0, 1.0, 0.976190476190475, 0.5, 1.2499999999999998, 0.16666666666666857]
Solution mochila: 93.019047619
Padrão novo: [-0.0, -0.0, 2.0, -0.0, -0.0, 3.0, -0.0, 1.0, -0.0, -0.0]
Função Objetivo: 7.81349206349
Solution: [0.0, 0.0, 0.05666666666666742, 0.0, 0.0, 0.0, 0.0, 0.0, 0.0, 0.05, 1.0, 2.5, 0.16666666666666852, 0.0, 1.0, 0.924999999999999, 0.5, 1.0833333333333313, 0.0, 0.5250000000000002]
Solution mochila: 93.02
Padrão novo: [-0.0, -0.0, 4.0, -0.0, -0.0, -0.0, 0.0, 1.0, -0.0, 1.0]
Função Objetivo: 7.80666666667
Solution: [0.0, 0.0, 0.0, 0.0, 0.0, 0.0, 0.0, 0.0, 0.0, 0.0, 1.0, 2.5, 0.19977511244377977, 0.2979760119940024, 0.9006746626686659, 0.8976761619190399, 0.4404047976011995, 0.7522488755622175, 0.0, 0.5539730134932536, 0.2616191904047981]
Solution mochila: 93.0
Padrão novo: [0.0, 0.0, 4.0, 0.0, 0.0, 0.0, 0.0, 0.0, 2.0, 0.0]
Função Objetivo: 7.80434782609
