Solution: [0.5, 0.5, 0.6666666666666666, 0.3333333333333333, 1.3333333333333333, 1.0, 1.3333333333333333, 0.2857142857142857, 0.25, 0.7777777777777777]
Solution mochila: 65.1805555556
Padrão novo: [-0.0, 1.0, 0.0, -0.0, 1.0, 0.0, 0.0, 0.0, 1.0, 2.0]
Função Objetivo: 6.98015873016
Solution: [0.5, 0.0, 0.6666666666666666, 0.3333333333333333, 1.0, 1.0, 1.3333333333333333, 0.2857142857142857, 0.125, 0.5555555555555555, 1.0]
Solution mochila: 65.1666666667
Padrão novo: [-0.0, -0.0, 0.0, 0.0, 3.0, 0.0, 1.0, 0.0, 0.0, 0.0]
Função Objetivo: 6.7996031746
Solution: [0.5, 0.0, 0.6666666666666666, 0.3333333333333333, 0.0, 1.0, 1.1666666666666665, 0.2857142857142857, 0.125, 0.5555555555555555, 1.0, 1.0]
Solution mochila: 65.0694444444
Padrão novo: [-0.0, -0.0, 0.0, 1.0, 0.0, 0.0, 3.0, 0.0, 1.0, 1.0]
Função Objetivo: 6.63293650794
Solution: [0.5, 0.0, 0.6666666666666666, 0.0, 0.0, 1.0, 0.6666666666666666, 0.2857142857142857, 0.0, 0.44444444444444436, 1.0, 1.0, 1.0]
Solution mochila: 65.0555555556
Padrão novo: [-0.0, -0.0, -0.0, -0.0, -0.0, -0.0, 5.0000000000000036, -0.0, -0.0, 1.9999999999999951]
Função Objetivo: 6.56349206349
Solution: [0.5, 0.0, 0.6666666666666666, 0.0, 0.0, 1.0, 0.0, 0.2857142857142857, 0.0, 0.26666666666666716, 1.0, 1.0, 1.0, 0.7999999999999994]
Solution mochila: 65.0357142857
Padrão novo: [1.0, 0.0, 0.0, 0.0, 0.0, 0.0, 0.0, 2.0, 2.0, 0.0]
Função Objetivo: 6.51904761905
Solution: [0.5, 0.0, 0.6666666666666666, 0.0, 0.0, 1.0, 0.0, 0.2857142857142857, 0.0, 0.26666666666666716, 1.0, 1.0, 1.0, 0.7999999999999994, 0.0]
Solution mochila: 65.0447089947
Padrão novo: [1.0, 1.0, 0.0, -0.0, 0.0, 0.0, 1.0, 0.0, 0.0, 0.0]
Função Objetivo: 6.51904761905
Solution: [0.0, 0.0, 0.6666666666666666, 0.0, 0.0, 1.0, 0.0, 0.19047619047619047, 0.0, 0.45432098765432144, 0.3333333333333333, 1.222222222222222, 1.0, 0.6222222222222217, 0.33333333333333337, 0.6666666666666667]
Solution mochila: 65.0077601411
Padrão novo: [0.0, 1.0, 1.0, 1.0, 0.0, 0.0, 0.0, 0.0, 0.0, 0.0]
Função Objetivo: 6.48924162257
Solution: [0.0, 0.0, 0.3333333333333333, 0.0, 0.0, 1.0, 0.0, 0.0, 0.0, 0.48148148148148234, 0.0, 1.3333333333333333, 0.0, 1.3333333333333324, 1.0, 0.0, 1.0]
Solution mochila: 65.0138888889
Padrão novo: [-0.0, -0.0, 2.0, -0.0, -0.0, -0.0, -0.0, 0.0, 0.9999999999999982, 2.0000000000000027]
Função Objetivo: 6.48148148148
Solution: [0.0, 0.0, 0.0, 0.0, 0.0, 1.0, 0.0, 0.2857142857142857, 0.0, 0.3259259259259255, 0.0, 1.3333333333333333, 1.0, 0.533333333333333, 0.0, 1.0, 0.0, 1.0000000000000018]
Solution mochila: 65.0277777778
Padrão novo: [1.0, 0.0, 0.0, 0.0, 0.0, 1.0, 0.0, 2.0, 0.0, 0.0]
Função Objetivo: 6.47830687831
Solution: [0.0, 0.0, 0.0, 0.0, 0.0, 0.75, 0.0, 0.0, 0.0, 0.1748148148148151, 0.6000000000000005, 1.133333333333333, 0.6000000000000005, 1.0133333333333323, 0.0, 0.0, 0.3999999999999994, 0.8000000000000003, 1.0]
Solution mochila: 65.0086772487
Padrão novo: [0.0, 0.0, 0.0, 0.0, 0.0, 0.0, 1.0, 2.0, 1.0, 4.0]
Função Objetivo: 6.47148148148
Solution: [0.0, 0.0, 0.0, 0.0, 0.0, 0.8999999999999999, 0.0, 0.0, 0.0, 0.10370370370370394, 0.0, 1.3333333333333333, 0.5999999999999999, 0.733333333333333, 0.0, 0.5999999999999999, 0.40000000000000013, 0.7999999999999999, 0.40000000000000013, 0.5999999999999999]
Solution mochila: 65.0111111111
Padrão novo: [0.0, 0.0, 0.0, 1.0, 0.0, 0.0, 1.0, 0.0, 0.0, 5.0]
Função Objetivo: 6.47037037037
Solution: [0.0, 0.0, 0.0, 0.0, 0.0, 0.8446969696969698, 0.0, 0.0, 0.11647727272727278, 0.0, 0.0, 1.3333333333333333, 0.0, 1.1060606060606049, 0.0, 0.37878787878787934, 0.6212121212121207, 0.6893939393939397, 0.6212121212121207, 0.37878787878787934, 0.37878787878787934]
Solution mochila: 65.0
Padrão novo: [-0.0, -0.0, -0.0, -0.0, -0.0, 4.0, -0.0, -0.0, -0.0, -0.0]
Função Objetivo: 6.46875
