Solution: [2.5, 1.75, 0.4, 1.6, 0.2, 0.8333333333333333, 0.5, 0.125, 0.2, 0.3125]
Solution mochila: 83.3333333333
Padrão novo: [2.0, -0.0, -0.0, -0.0, -0.0, -0.0, 2.0, -0.0, -0.0, 0.0]
Função Objetivo: 8.42083333333
Solution: [1.0, 1.75, 0.4, 1.6, 0.2, 0.8333333333333333, 0.0, 0.125, 0.2, 0.3125, 1.5]
Solution mochila: 83.325
Padrão novo: [2.0, -0.0, -0.0, 0.0, 1.0, -0.0, -0.0, -0.0, -0.0, 1.9999999999999996]
Função Objetivo: 7.92083333333
Solution: [0.0, 1.75, 0.4, 1.6, 0.0, 0.8333333333333333, 0.0, 0.125, 0.2, 0.18750000000000003, 1.5, 1.0]
Solution mochila: 83.175
Padrão novo: [2.0, 0.0, 1.0, 0.0, 0.0, 0.0, 0.0, 0.0, 1.0, 0.0]
Função Objetivo: 7.59583333333
Solution: [0.0, 1.75, 0.4, 1.6, 0.0, 0.8333333333333333, 0.0, 0.125, 0.2, 0.18750000000000003, 1.5, 1.0, 0.0]
Solution mochila: 83.075
Padrão novo: [0.0, 0.0, 0.0, 4.0, -0.0, 0.0, 1.0, -0.0, 0.0, 2.0]
Função Objetivo: 7.59583333333
Solution: [0.0, 1.75, 0.09999999999999998, 0.0, 0.1, 0.8333333333333333, 0.0, 0.125, 0.04999999999999999, 0.0, 0.5, 0.5, 1.5, 2.0]
Solution mochila: 83.0666666667
Padrão novo: [-0.0, -0.0, -0.0, 0.0, 1.0, 4.000000000000001, -0.0, -0.0, 1.9999999999999982, -0.0]
Função Objetivo: 7.45833333333
Solution: [0.0, 1.75, 0.09999999999999998, 0.0, 0.04999999999999996, 0.6666666666666664, 0.0, 0.125, 0.0, 0.0, 0.5, 0.5, 1.5, 2.0, 0.2500000000000002]
Solution mochila: 83.0916666667
Padrão novo: [-0.0, -0.0, -0.0, 2.9999999999999996, 1.0, 1.0000000000000007, -0.0, 1.0, -0.0, -0.0]
Função Objetivo: 7.44166666667
Solution: [0.0, 1.75, 0.06315789473684208, 0.0, 0.0, 0.5877192982456138, 0.0, 0.019736842105263164, 0.0, 0.14144736842105263, 0.8157894736842105, 0.0, 1.6842105263157896, 1.368421052631579, 0.1578947368421053, 0.8421052631578947]
Solution mochila: 83.0416666667
Padrão novo: [0.0, 1.0, 0.0, 0.0, -0.0, 4.0, 0.0, 0.0, 0.0, 2.0]
Função Objetivo: 7.43048245614
Solution: [0.0, 1.5279605263157896, 0.07631578947368423, 0.0, 0.0, 0.0, 0.0, 0.03947368421052634, 0.0, 0.0, 0.756578947368421, 0.125, 1.618421052631579, 1.486842105263158, 0.19078947368421065, 0.6842105263157893, 0.8881578947368419]
Solution mochila: 83.01875
Padrão novo: [0.0, 1.0, 2.0, 1.0, 0.0, 0.0, 0.0, 0.0, 0.0, 3.0]
Função Objetivo: 7.39375
Solution: [0.0, 1.45, 0.0, 0.0, 0.0, 0.0, 0.0, 0.0, 0.03999999999999998, 0.0, 0.9, 0.0, 1.6, 1.2, 0.0, 1.0, 0.9999999999999998, 0.19999999999999996]
Solution mochila: 83.02125
Padrão novo: [0.0, 3.0, 0.0, 0.0, 1.0, 0.0, 0.0, 0.0, 1.0, 0.0]
Função Objetivo: 7.39
Solution: [0.0, 1.296875, 0.05625000000000002, 0.0, 0.0, 0.0, 0.0, 0.03125, 0.0031250000000000167, 0.0, 0.78125, 0.0, 1.71875, 1.4375, 0.0, 0.75, 1.0625, 0.0, 0.25]
Solution mochila: 83.025
Padrão novo: [0.0, 1.0, 1.0, 0.0, 0.0, 0.0, 3.0, 1.0, 0.0, 0.0]
Função Objetivo: 7.3875
Solution: [0.0, 1.3151162790697675, 0.0, 0.0, 0.0, 0.0, 0.0, 0.012790697674418622, 0.0, 0.0, 0.6860465116279071, 0.0, 1.813953488372093, 1.3767441860465117, 0.0, 0.8139534883720929, 1.0465116279069766, 0.0511627906976746, 0.18604651162790709, 0.08372093023255811]
Solution mochila: 83.0180232558
Padrão novo: [0.0, 3.0, 0.0, 0.0, 0.0, 0.0, 1.0, 1.0, 0.0, 0.0]
Função Objetivo: 7.38604651163
Solution: [0.0, 1.174050632911392, 0.0253164556962025, 0.0, 0.0, 0.0, 0.0, 0.0, 0.0, 0.0, 0.7025316455696204, 0.0, 1.7974683544303796, 1.3924050632911391, 0.0, 0.7974683544303797, 1.050632911392405, 0.037974683544304, 0.20253164556962033, 0.0, 0.20253164556962033]
Solution mochila: 83.0253164557
Padrão novo: [0.0, 1.0, 2.0, 2.0, 0.0, 0.0, 0.0, 0.0, 0.0, 0.0]
Função Objetivo: 7.38291139241
Solution: [0.0, 1.0978260869565217, 0.0, 0.0, 0.0, 0.0, 0.0, 0.0, 0.0, 0.0, 0.6739130434782608, 0.04347826086956519, 1.7826086956521738, 1.3913043478260871, 0.0, 0.7391304347826086, 1.0652173913043477, 0.0, 0.21739130434782616, 0.0, 0.26086956521739135, 0.10869565217391308]
Solution mochila: 83.022826087
Padrão novo: [1.0, 2.0, 0.0, 0.0, 0.0, 1.0, 0.0, 0.0, 0.0, 0.0]
Função Objetivo: 7.38043478261
Solution: [0.0, 0.0, 0.0, 0.0, 0.0, 0.0, 0.0, 0.0, 0.0, 0.0, 0.17276422764227622, 0.45630081300813063, 1.0304878048780486, 1.7134146341463417, 0.48475609756097615, 0.058943089430894074, 0.3302845528455278, 0.0, 0.0, 0.0, 0.9410569105691059, 0.4847560975609757, 1.6808943089430894]
Solution mochila: 83.0
Padrão novo: [0.0, 1.0, 2.0, 2.0, 0.0, 0.0, 0.0, 0.0, 0.0, 0.0]
Função Objetivo: 7.35365853659
