Solution: [1.6666666666666665, 1.4000000000000001, 0.2, 0.2, 0.6666666666666666, 1.2857142857142856, 1.4285714285714284, 1.0, 1.0, 0.75]
Solution mochila: 87.2111111111
Padrão novo: [3.0, -0.0, 0.0, 0.0, -0.0, -0.0, -0.0, 0.9999999999999978, 1.0000000000000027, 0.0]
Função Objetivo: 9.59761904762
Solution: [0.0, 1.4000000000000001, 0.2, 0.2, 0.6666666666666666, 1.2857142857142856, 1.4285714285714284, 0.8148148148148153, 0.8333333333333329, 0.75, 1.6666666666666665]
Solution mochila: 87.1142857143
Padrão novo: [-0.0, -0.0, -0.0, 1.0, -0.0, -0.0, 5.000000000000002, -0.0, 1.9999999999999982, -0.0]
Função Objetivo: 9.24576719577
Solution: [0.0, 1.4000000000000001, 0.2, 0.0, 0.6666666666666666, 1.2857142857142856, 0.7142857142857139, 0.8148148148148153, 0.6333333333333331, 0.75, 1.6666666666666665, 1.0]
Solution mochila: 87.1111111111
Padrão novo: [-0.0, -0.0, -0.0, -0.0, -0.0, -0.0, 7.0, 1.0, 0.0, -0.0]
Função Objetivo: 9.13148148148
Solution: [0.0, 1.4000000000000001, 0.2, 0.0, 0.6666666666666666, 1.2857142857142856, 0.0, 0.735449735449736, 0.6333333333333331, 0.75, 1.6666666666666665, 1.0, 0.7142857142857139]
Solution mochila: 87.0666666667
Padrão novo: [0.0, -0.0, -0.0, -0.0, -0.0, -0.0, -0.0, -0.0, 9.0, 2.0]
Função Objetivo: 9.05211640212
Solution: [0.0, 1.4000000000000001, 0.2, 0.0, 0.6666666666666666, 1.2857142857142856, 0.0, 0.735449735449736, 0.0, 0.6327160493827161, 1.6666666666666665, 1.0, 0.7142857142857139, 0.7037037037037035]
Solution mochila: 87.0611111111
Padrão novo: [-0.0, -0.0, 1.0, -0.0, -0.0, -0.0, -0.0, 7.0, -0.0, 1.0]
Função Objetivo: 9.00520282187
Solution: [0.0, 1.4000000000000001, 0.010884353741496489, 0.0, 0.6666666666666666, 1.2857142857142856, 0.0, 0.0, 0.0, 0.5539178634416729, 1.6666666666666665, 1.0, 0.7142857142857139, 0.7037037037037035, 0.9455782312925176]
Solution mochila: 87.0306878307
Padrão novo: [0.0, 0.0, 1.0, 0.0, 1.0, 4.0, 0.0, 0.0, 1.0, 0.0]
Função Objetivo: 8.94741748551
Solution: [0.0, 1.4000000000000001, 0.0, 0.0, 0.6575963718820862, 1.2546161321671527, 0.0, 0.0, 0.0, 0.554925673973293, 1.6666666666666665, 1.0, 0.7142857142857139, 0.6976568405139832, 0.9455782312925175, 0.0544217687074825]
Solution mochila: 87.0238095238
Padrão novo: [0.0, 0.0, 0.0, 0.0, 1.0, 6.0, 0.0, 0.0, 0.0, 0.0]
Função Objetivo: 8.94574739949
Solution: [0.0, 1.4000000000000001, 0.0, 0.0, 0.4136432350718065, 0.0, 0.0, 0.0, 0.0, 0.554925673973293, 1.6666666666666665, 1.0, 0.7142857142857139, 0.6976568405139832, 0.9455782312925175, 0.0544217687074825, 1.4637188208616783]
Solution mochila: 87.0176366843
Padrão novo: [1.0, 0.0, 0.0, 0.0, 4.0, 0.0, 0.0, 0.0, 0.0, 1.0]
Função Objetivo: 8.91089695137
Solution: [0.0, 1.4000000000000001, 0.0, 0.0, 0.0, 0.0, 0.0, 0.0, 0.0, 0.4961476843946961, 1.4590210586226515, 1.0, 0.714285714285714, 0.7240245367735408, 0.9752418895845196, 0.024758110415480344, 1.4834945930563463, 0.6229368241320454]
Solution mochila: 87.01770695
Padrão novo: [1.0, 0.0, 0.0, 0.0, 0.0, 0.0, 0.0, 0.0, 0.0, 9.0]
Função Objetivo: 8.89991041126
Solution: [0.0, 1.4000000000000001, 0.0, 0.0, 0.0, 0.0, 0.0, 0.004988662131519814, 0.0, 0.0, 1.240816326530612, 1.0, 0.7142857142857139, 0.7510204081632652, 1.0, 0.0, 1.5, 0.625, 0.6525510204081633]
Solution mochila: 87.052154195
Padrão novo: [-0.0, 0.0, -0.0, 0.0, -0.0, -0.0, -0.0, 8.0, -0.0, 2.0]
Função Objetivo: 8.88866213152
Solution: [0.0, 1.4000000000000001, 0.0, 0.0, 0.0, 0.0, 0.0, 0.0, 0.0, 0.0, 1.2412249024989166, 1.0, 0.714285714285714, 0.7509750108334535, 1.0, 0.0, 1.5, 0.625, 0.65132529250325, 0.005561172901921513]
Solution mochila: 87.0093023256
Padrão novo: [0.0, 4.0, 0.0, 0.0, 0.0, 0.0, 0.0, 2.0, 0.0, 0.0]
Função Objetivo: 8.88837209302
Solution: [0.0, 0.0, 0.0, 0.0, 0.0, 0.0, 0.0, 0.0, 0.0, 0.0, 1.2307724252491694, 1.0, 0.714285714285714, 0.6974529346622368, 0.5078488372093029, 0.4921511627906972, 1.171899224806202, 0.5839874031007752, 0.7236953211517164, 0.0, 1.75]
Solution mochila: 87.0
Padrão novo: [3.0, 1.0, -0.0, -0.0, -0.0, -0.0, -0.0, -0.0, -0.0, -0.0]
Função Objetivo: 8.87209302326
