Solution: [1.0, 4.5, 4.5, 0.3333333333333333, 1.4000000000000001, 1.1666666666666665, 0.2857142857142857, 1.125, 0.5555555555555556, 0.9090909090909092]
Solution mochila: 57.3428571429
Padrão novo: [0.0, 0.0, 2.0, 0.0, 1.0, 0.0, 1.0, 0.0, 0.0, 0.0]
Função Objetivo: 15.7753607504
Solution: [1.0, 4.5, 0.0, 0.3333333333333333, 0.5000000000000001, 1.1666666666666665, 0.0, 1.125, 0.5555555555555556, 0.9090909090909092, 4.5]
Solution mochila: 57.1333333333
Padrão novo: [0.0, 0.0, 1.0, 1.0, 2.0, 0.0, 0.0, 0.0, 0.0, 0.0]
Função Objetivo: 14.5896464646
Solution: [1.0, 4.5, 0.0, 0.0, 0.19999999999999996, 1.1666666666666665, 0.0, 1.125, 0.5555555555555556, 0.9090909090909092, 4.0, 1.0]
Solution mochila: 57.1333333333
Padrão novo: [-0.0, -0.0, 2.0, -0.0, 0.0, -0.0, -0.0, 0.0, 2.9999999999999996, -0.0]
Função Objetivo: 14.4563131313
Solution: [1.0, 4.5, 0.0, 0.0, 0.5333333333333334, 1.1666666666666665, 0.0, 1.125, 0.0, 0.9090909090909092, 2.333333333333333, 1.0, 1.666666666666667]
Solution mochila: 57.1333333333
Padrão novo: [-0.0, 0.0, 1.9999999999999984, -0.0, 0.0, 2.000000000000004, -0.0, 0.0, -0.0, -0.0]
Função Objetivo: 14.2340909091
Solution: [1.0, 4.5, 0.0, 0.0, 0.6, 0.499999999999998, 0.0, 1.125, 0.5555555555555556, 0.9090909090909092, 2.0, 1.0, 0.0, 2.0000000000000018]
Solution mochila: 57.1111111111
Padrão novo: [-0.0, 0.0, -0.0, -0.0, 5.0, -0.0, -0.0, -0.0, 1.0000000000000004, -0.0]
Função Objetivo: 14.1896464646
Solution: [1.0, 4.5, 0.0, 0.0, 0.0, 0.0, 0.2857142857142857, 1.125, 0.27777777777777457, 0.9090909090909092, 0.0, 1.0, 0.5000000000000098, 3.499999999999993, 1.0]
Solution mochila: 57.1111111111
Padrão novo: [-0.0, 2.0, -0.0, -0.0, -0.0, -0.0, -0.0, -0.0, 1.0, -0.0]
Função Objetivo: 14.0975829726
Solution: [1.0, 0.0, 0.0, 0.0, 0.09999999999999998, 0.499999999999998, 0.0, 1.125, 0.0, 0.9090909090909092, 2.0, 1.0, 0.0, 2.0000000000000018, 0.5, 4.5]
Solution mochila: 57.0916666667
Padrão novo: [0.0, 0.0, 0.0, 0.0, 4.0, 1.0, 0.0, 1.0, 0.0, 0.0]
Função Objetivo: 13.6340909091
Solution: [1.0, 0.0, 0.0, 0.0, 0.0, 0.0, 0.1640211640211629, 0.9953703703703706, 0.0, 0.9090909090909092, 0.8518518518518595, 1.0, 0.16666666666666669, 2.9814814814814765, 0.0, 4.5, 1.0370370370370352]
Solution mochila: 57.0162337662
Padrão novo: [0.0, 0.0, 0.0, -0.0, 0.0, 0.0, 0.0, 0.0, 1.0, 10.0]
Função Objetivo: 13.6055194805
Solution: [1.0, 0.0, 0.0, 0.0, 0.0, 0.0, 0.14285714285714177, 1.0000000000000002, 0.0, 0.4545454545454546, 1.0000000000000075, 1.0, 0.0, 2.9999999999999947, 0.0, 4.5, 0.9999999999999981, 0.5]
Solution mochila: 57.012987013
Padrão novo: [-0.0, 1.0, -0.0, -0.0, -0.0, 1.0000000000000098, -0.0, 0.9999999999999902, -0.0, 2.9999999999999964]
Função Objetivo: 13.5974025974
Solution: [1.0, 0.0, 0.0, 0.0, 0.0, 0.0, 0.10317460317460173, 0.9305555555555566, 0.0, 0.0, 1.277777777777788, 1.0, 0.0, 2.7222222222222143, 0.0, 4.1875, 0.930555555555553, 0.8125000000000001, 0.6250000000000003]
Solution mochila: 57.0
Padrão novo: [2.0, -0.0, -0.0, -0.0, -0.0, -0.0, -0.0, -0.0, -0.0, -0.0]
Função Objetivo: 13.5892857143
