Solution: [4.5, 5.0, 2.333333333333333, 1.25, 0.75, 0.6000000000000001, 1.6, 0.5, 1.125, 0.4]
Solution mochila: 71.3333333333
Padrão novo: [-0.0, 2.0, -0.0, -0.0, -0.0, -0.0, 0.0, 2.0, 0.0, 0.0]
Função Objetivo: 18.0583333333
Solution: [4.5, 3.5, 2.333333333333333, 1.25, 0.75, 0.6000000000000001, 1.6, 0.0, 1.125, 0.4, 1.5]
Solution mochila: 71.325
Padrão novo: [-0.0, 2.0000000000000013, -0.0, -0.0, -0.0, -0.0, 0.0, -0.0, 0.9999999999999938, 2.000000000000007]
Função Objetivo: 17.5583333333
Solution: [4.5, 0.0, 2.333333333333333, 1.25, 0.75, 0.6000000000000001, 1.6, 0.0, 0.6875000000000031, 0.0, 1.5, 3.4999999999999973]
Solution mochila: 71.2625
Padrão novo: [1.0, 1.0, 0.0, 0.0, 0.0, 0.0, 1.0, 0.0, 1.0, 0.0]
Função Objetivo: 16.7208333333
Solution: [0.5, 0.0, 2.333333333333333, 1.25, 0.75, 0.6000000000000001, 0.0, 0.16666666666666669, 0.125, 0.4, 1.0, 0.0, 8.0]
Solution mochila: 71.2666666667
Padrão novo: [2.0, 0.0, 0.0, 0.0, 0.0, 0.0, 0.0, 1.0, 0.0, 1.0]
Função Objetivo: 15.125
Solution: [0.0, 0.0, 2.333333333333333, 1.25, 0.75, 0.6000000000000001, 0.0, 0.08333333333333337, 0.125, 0.35000000000000003, 1.0, 0.0, 8.0, 0.5]
Solution mochila: 71.1
Padrão novo: [-0.0, -0.0, 3.0, -0.0, -0.0, -0.0, -0.0, -0.0, 0.0, 1.0000000000000002]
Função Objetivo: 14.9916666667
Solution: [0.0, 0.0, 0.0, 1.25, 0.75, 0.6000000000000001, 0.0, 0.08333333333333337, 0.125, 0.11666666666666664, 1.0, 0.0, 8.0, 0.5, 2.333333333333333]
Solution mochila: 71.0833333333
Padrão novo: [0.0, 0.0, 0.0, 0.0, 0.0, 0.0, 0.0, 2.0, 6.0, 0.0]
Função Objetivo: 14.7583333333
Solution: [0.0, 0.0, 0.0, 1.25, 0.75, 0.6000000000000001, 0.0, 0.02777777777777779, 0.0, 0.11666666666666664, 1.0, 0.0, 8.0, 0.5, 2.333333333333333, 0.16666666666666674]
Solution mochila: 71.0888888889
Padrão novo: [-0.0, -0.0, -0.0, -0.0, -0.0, -0.0, 3.9999999999999996, 2.0, -0.0, -0.0]
Função Objetivo: 14.7444444444
Solution: [0.0, 0.0, 0.0, 1.25, 0.75, 0.6000000000000001, 0.0, 0.0, 0.0, 0.11309523809523803, 1.035714285714286, 0.0, 7.928571428571428, 0.535714285714286, 2.333333333333333, 0.17857142857142883, 0.017857142857143016]
Solution mochila: 71.0642857143
Padrão novo: [0.0, 0.0, 0.0, 0.0, 3.0, 0.0, 0.0, 0.0, 1.0, 2.0]
Função Objetivo: 14.7428571429
Solution: [0.0, 0.0, 0.0, 1.25, 0.3405172413793102, 0.6000000000000001, 0.0, 0.0, 0.0, 0.0, 1.0747126436781604, 0.0, 7.850574712643679, 0.5747126436781604, 2.333333333333333, 0.10057471264367801, 0.03735632183908022, 0.545977011494253]
Solution mochila: 71.0775862069
Padrão novo: [-0.0, -0.0, -0.0, -0.0, 3.0, -0.0, -0.0, 2.0, -0.0, -0.0]
Função Objetivo: 14.7077586207
Solution: [0.0, 0.0, 0.0, 1.25, 0.1770833333333356, 0.6000000000000001, 0.0, 0.0, 0.0, 0.0, 0.41666666666666863, 0.583333333333331, 8.0, 0.5, 2.333333333333333, 0.0694444444444455, 0.0, 0.0, 0.7638888888888858]
Solution mochila: 71.075
Padrão novo: [0.0, 0.0, 0.0, 0.0, 1.0, 1.0, 0.0, 0.0, 5.0, 0.0]
Função Objetivo: 14.69375
Solution: [0.0, 0.0, 0.0, 1.25, 0.10416666666666785, 0.5833333333333331, 0.0, 0.0, 0.0, 0.0, 0.41666666666666863, 0.583333333333331, 8.0, 0.5, 2.333333333333333, 0.0, 0.0, 0.0, 0.8333333333333314, 0.08333333333333447]
Solution mochila: 71.075
Padrão novo: [0.0, 1.0, 0.0, 0.0, 2.0, 1.0, -0.0, -0.0, 0.0, -0.0]
Função Objetivo: 14.6875
Solution: [0.0, 0.0, 0.0, 1.25, 0.0, 0.44285714285714295, 0.0, 0.0, 0.0, 0.11666666666666664, 0.6071428571428571, 0.0, 8.0, 0.5, 2.333333333333333, 0.16666666666666666, 0.0, 0.0, 0.47619047619047616, 0.0, 0.7857142857142857]
Solution mochila: 71.0214285714
Padrão novo: [-0.0, -0.0, -0.0, 3.0, 0.0, -0.0, 1.0, -0.0, -0.0, 0.9999999999999996]
Função Objetivo: 14.6785714286
Solution: [0.0, 0.0, 0.0, 0.6666666666666665, 0.0, 0.32063492063492066, 0.0, 0.0, 0.0, 0.0, 0.6904761904761902, 0.0, 7.222222222222222, 0.888888888888889, 2.333333333333333, 0.2962962962962963, 0.0, 0.0, 0.06878306878306861, 0.0, 1.3968253968253972, 0.7777777777777779]
Solution mochila: 71.0214285714
Padrão novo: [0.0, 0.0, 0.0, 3.0, 0.0, 0.0, 0.0, 1.0, 1.0, 0.0]
Função Objetivo: 14.6619047619
Solution: [0.0, 0.0, 0.0, 0.0, 0.0, 0.30000000000000004, 0.0, 0.0, 0.0, 0.06904761904761902, 0.4404761904761907, 0.0, 7.619047619047619, 0.6904761904761907, 2.333333333333333, 0.0, 0.02380952380952417, 0.0, 0.0, 0.0, 1.5, 0.28571428571428514, 1.3809523809523814]
Solution mochila: 71.0
Padrão novo: [1.0, 0.0, 1.0, 0.0, 0.0, 0.0, 1.0, 1.0, 0.0, 0.0]
Função Objetivo: 14.6428571429
