Solution: [4.5, 1.75, 1.0, 0.2, 0.3333333333333333, 0.3333333333333333, 0.5714285714285714, 1.125, 0.1111111111111111, 0.14285714285714285]
Solution mochila: 85.3333333333
Padrão novo: [2.0, -0.0, -0.0, 0.0, -0.0, 2.0, -0.0, 0.0, -0.0, -0.0]
Função Objetivo: 10.0670634921
Solution: [3.5, 1.75, 1.0, 0.2, 0.3333333333333333, 0.0, 0.5714285714285714, 1.125, 0.1111111111111111, 0.14285714285714285, 1.0]
Solution mochila: 85.325
Padrão novo: [2.0, -0.0, 1.0, 0.0, 0.0, -0.0, -0.0, 0.9999999999999902, -0.0, -0.0]
Função Objetivo: 9.73373015873
Solution: [0.0, 1.75, 0.29999999999999993, 0.2, 0.3333333333333333, 0.0, 0.5714285714285714, 0.6875000000000042, 0.1111111111111111, 0.14285714285714285, 1.0, 3.5]
Solution mochila: 85.0625
Padrão novo: [-0.0, -0.0, 1.0, 1.0, -0.0, 0.9999999999999964, -0.0, 4.000000000000004, -0.0, -0.0]
Função Objetivo: 8.59623015873
Solution: [0.0, 1.75, 0.0, 0.0, 0.3333333333333333, 0.0, 0.5714285714285714, 0.12500000000000455, 0.1111111111111111, 0.14285714285714285, 0.5000000000000018, 3.9999999999999982, 1.0]
Solution mochila: 85.05
Padrão novo: [-0.0, -0.0, 3.0, -0.0, -0.0, 2.0, -0.0, 1.0, -0.0, -0.0]
Função Objetivo: 8.53373015873
Solution: [0.0, 1.75, 0.0, 0.0, 0.3333333333333333, 0.0, 0.5714285714285714, 0.12500000000000455, 0.1111111111111111, 0.14285714285714285, 0.5000000000000011, 3.9999999999999982, 1.0, 0.0]
Solution mochila: 85.0416666667
Padrão novo: [-0.0, -0.0, -0.0, -0.0, 1.0, 0.0, -0.0, 7.0, -0.0, -0.0]
Função Objetivo: 8.53373015873
Solution: [0.0, 1.75, 0.0, 0.0, 0.30952380952380865, 0.0, 0.5714285714285714, 0.0, 0.1111111111111111, 0.14285714285714285, 0.5000000000000011, 3.9999999999999982, 1.0, 0.0, 0.1428571428571479]
Solution mochila: 85.003968254
Padrão novo: [1.0, 1.0, 0.0, 0.0, 0.0, 1.0, 1.0, 0.0, 1.0, 0.0]
Função Objetivo: 8.52777777778
Solution: [0.0, 1.5, 0.0, 0.0, 0.3095238095238087, 0.0, 0.42857142857142855, 0.0, 0.0, 0.14285714285714285, 0.0, 4.0, 1.0, 0.0, 0.14285714285714768, 1.0]
Solution mochila: 85.0
Padrão novo: [-0.0, 4.0, -0.0, -0.0, -0.0, -0.0, -0.0, -0.0, -0.0, -0.0]
Função Objetivo: 8.52380952381
