Solution: [0.5, 1.5, 0.2, 1.6, 0.8333333333333333, 1.3333333333333333, 0.7142857142857142, 0.25, 0.5555555555555556, 0.5]
Solution mochila: 73.1666666667
Padrão novo: [1.0, 0.0, 0.0, 0.0, 0.0, 4.0, 0.0, 0.0, 0.0, 0.0]
Função Objetivo: 7.98650793651
Solution: [0.0, 1.5, 0.2, 1.6, 0.8333333333333333, 0.6666666666666666, 0.7142857142857142, 0.25, 0.5555555555555556, 0.5, 1.0]
Solution mochila: 73.1
Padrão novo: [-0.0, -0.0, -0.0, 5.0, -0.0, 0.0, -0.0, -0.0, -0.0, 1.0000000000000002]
Função Objetivo: 7.81984126984
Solution: [0.0, 1.5, 0.2, 0.0, 0.8333333333333333, 0.6666666666666666, 0.7142857142857142, 0.25, 0.5555555555555556, 0.33999999999999997, 1.0, 1.6]
Solution mochila: 73.0833333333
Padrão novo: [-0.0, 1.0, -0.0, -0.0, -0.0, 5.0, -0.0, -0.0, -0.0, 0.0]
Função Objetivo: 7.65984126984
Solution: [0.0, 1.3, 0.2, 0.0, 0.8333333333333333, 0.0, 0.7142857142857142, 0.25, 0.5555555555555556, 0.33999999999999997, 1.0, 1.6, 0.8]
Solution mochila: 73.05
Padrão novo: [0.0, 3.0, 0.0, 0.0, 0.0, 0.0, 0.0, 0.0, 0.0, 3.0]
Função Objetivo: 7.59317460317
Solution: [0.0, 0.4500000000000002, 0.2, 0.0, 0.8333333333333333, 0.0, 0.7142857142857142, 0.25, 0.5555555555555556, 0.0, 1.0, 1.6, 0.8, 1.133333333333333]
Solution mochila: 73.0444444444
Padrão novo: [-0.0, 3.0, 0.0, 1.0, 0.0, 0.0, 0.0, 0.0, 1.0, -0.0]
Função Objetivo: 7.53650793651
Solution: [0.0, 0.0, 0.2, 0.0, 0.8333333333333333, 0.0, 0.7142857142857142, 0.25, 0.4930555555555556, 0.0, 1.0, 1.4875, 0.8, 1.1708333333333332, 0.5625000000000001]
Solution mochila: 73.0253968254
Padrão novo: [0.0, 0.0, 1.0, 0.0, 0.0, 0.0, 5.0, 0.0, 1.0, 0.0]
Função Objetivo: 7.51150793651
Solution: [0.0, 0.0, 0.0, 0.0, 0.8333333333333333, 0.0, 0.0, 0.25, 0.3819444444444445, 0.0, 1.0, 1.4875, 0.8, 1.1708333333333332, 0.5625000000000001, 1.0]
Solution mochila: 73.0198412698
Padrão novo: [0.0, 0.0, 0.0, 0.0, 0.0, 2.0, 5.0, 0.0, 0.0, 0.0]
Função Objetivo: 7.48611111111
Solution: [0.0, 0.0, 0.0, 0.0, 0.8333333333333333, 0.0, 0.0, 0.25, 0.3819444444444445, 0.0, 1.0, 1.4875, 0.8, 1.1708333333333332, 0.5625000000000001, 1.0, 0.0]
Solution mochila: 73.0
Padrão novo: [0.0, 1.0, 0.0, 1.0, 2.0, 0.0, 0.0, 2.0, 0.0, 0.0]
Função Objetivo: 7.48611111111
