Função Objetivo: 14.2964285714
Função Objetivo: 14.1297619048
Função Objetivo: 14.1297619048
Função Objetivo: 13.9005952381
Função Objetivo: 13.7714285714
Função Objetivo: 13.5880952381
Função Objetivo: 13.4351615646
Função Objetivo: 13.3613945578
Função Objetivo: 13.3466666667

 Tempo Total: (2.4248600006103516,)[array([[ 4.00000000e+00,  0.00000000e+00,  0.00000000e+00,
         0.00000000e+00,  0.00000000e+00,  0.00000000e+00,
         0.00000000e+00,  0.00000000e+00, -0.00000000e+00,
         0.00000000e+00,  3.00000000e+00,  0.00000000e+00,
         2.00000000e+00,  0.00000000e+00,  0.00000000e+00,
         1.00000000e+00],
       [ 0.00000000e+00,  4.00000000e+00,  0.00000000e+00,
         0.00000000e+00,  0.00000000e+00,  0.00000000e+00,
         0.00000000e+00,  3.00000000e+00,  4.00000000e+00,
        -0.00000000e+00,  0.00000000e+00,  0.00000000e+00,
         0.00000000e+00,  0.00000000e+00,  0.00000000e+00,
         0.00000000e+00],
       [ 0.00000000e+00,  0.00000000e+00,  5.00000000e+00,
         0.00000000e+00,  0.00000000e+00,  0.00000000e+00,
         0.00000000e+00,  0.00000000e+00, -0.00000000e+00,
         0.00000000e+00,  1.00000000e+00,  4.00000000e+00,
         0.00000000e+00,  0.00000000e+00,  1.00000000e+00,
         1.00000000e+00],
       [ 0.00000000e+00,  0.00000000e+00,  0.00000000e+00,
         7.00000000e+00,  0.00000000e+00,  0.00000000e+00,
         0.00000000e+00,  0.00000000e+00, -0.00000000e+00,
         0.00000000e+00,  0.00000000e+00,  0.00000000e+00,
         2.00000000e+00,  2.00000000e+00,  5.00000000e+00,
         0.00000000e+00],
       [ 0.00000000e+00,  0.00000000e+00,  0.00000000e+00,
         0.00000000e+00,  7.00000000e+00,  0.00000000e+00,
         0.00000000e+00,  0.00000000e+00, -5.32907052e-14,
         7.00000000e+00,  0.00000000e+00,  2.00000000e+00,
         2.00000000e+00,  0.00000000e+00,  0.00000000e+00,
         1.00000000e+00],
       [ 0.00000000e+00,  0.00000000e+00,  0.00000000e+00,
         0.00000000e+00,  0.00000000e+00,  8.00000000e+00,
         0.00000000e+00,  0.00000000e+00,  1.00000000e+00,
         0.00000000e+00,  0.00000000e+00,  0.00000000e+00,
         0.00000000e+00,  6.00000000e+00,  0.00000000e+00,
         0.00000000e+00],
       [ 0.00000000e+00,  0.00000000e+00,  0.00000000e+00,
         0.00000000e+00,  0.00000000e+00,  0.00000000e+00,
         8.00000000e+00,  3.00000000e+00, -0.00000000e+00,
         1.00000000e+00,  1.00000000e+00,  0.00000000e+00,
         0.00000000e+00,  0.00000000e+00,  1.00000000e+00,
         4.00000000e+00]]), array([[ 2.,  0.,  0.,  0.,  0.,  0.,  0.,  0.,  0.,  1.,  1.,  1.,  1.,
         0.,  0.,  1.],
       [ 0.,  3.,  0.,  0.,  0.,  0.,  0.,  3.,  3.,  0.,  0.,  0.,  0.,
         0.,  0.,  0.],
       [ 0.,  0.,  3.,  0.,  0.,  0.,  0.,  0.,  0.,  1.,  1.,  1.,  1.,
         1.,  0.,  1.],
       [ 0.,  0.,  0.,  4.,  0.,  0.,  0.,  0.,  0., -0., -0.,  0.,  0.,
         0.,  3.,  0.],
       [ 0.,  0.,  0.,  0.,  5.,  0.,  0.,  0.,  0.,  1.,  1.,  1.,  1.,
         0.,  1.,  1.],
       [ 0.,  0.,  0.,  0.,  0.,  5.,  0.,  0.,  0.,  1.,  1.,  1.,  1.,
         4.,  1.,  1.],
       [ 0.,  0.,  0.,  0.,  0.,  0.,  5.,  0.,  0.,  0., -0.,  0., -0.,
         0.,  0.,  0.]]), array([[ 1.,  0.,  0.,  0.,  0.,  0.,  0., -0., -0., -0.,  0.,  0., -0.,
         0.,  0.,  0.],
       [ 0.,  1.,  0.,  0.,  0.,  0.,  0.,  0.,  0.,  0.,  0.,  0.,  0.,
         0.,  0.,  0.],
       [ 0.,  0.,  2.,  0.,  0.,  0.,  0.,  1.,  1.,  1.,  1.,  1.,  1.,
         1.,  1.,  1.],
       [ 0.,  0.,  0.,  3.,  0.,  0.,  0.,  0.,  0.,  0.,  0.,  0.,  0.,
         0.,  0.,  0.],
       [ 0.,  0.,  0.,  0.,  3.,  0.,  0.,  1.,  1.,  1.,  1.,  1.,  1.,
         0.,  1.,  1.],
       [ 0.,  0.,  0.,  0.,  0.,  3.,  0.,  0.,  1.,  1.,  1.,  1.,  1.,
         2.,  1.,  1.],
       [ 0.,  0.,  0.,  0.,  0.,  0.,  3.,  1., -0.,  0.,  0.,  0., -0.,
         0.,  0.,  0.]])]