Função Objetivo: 9.91666666667
Função Objetivo: 9.33333333333
Função Objetivo: 9.125
Função Objetivo: 9.0701754386
Função Objetivo: 8.91666666667

 Tempo Total: (0.4196040630340576,)[array([[3., 0., 0., 0., 2., 0., 0., 0., 0.],
       [0., 4., 0., 0., 0., 4., 1., 1., 0.],
       [0., 0., 6., 0., 0., 0., 0., 4., 0.],
       [0., 0., 0., 6., 3., 1., 5., 1., 6.]]), array([[2., 0., 0., 0., 1., 0., 0., 0., 0.],
       [0., 3., 0., 0., 2., 3., 1., 1., 0.],
       [0., 0., 4., 0., 0., 0., 0., 3., 0.],
       [0., 0., 0., 4., 0., 0., 3., 0., 4.]])]