Solution: [45.0, 34.5, 50.0, 44.0, 29.5, 8.333333333333332, 8.333333333333332, 8.5, 4.166666666666666, 3.0]
Solution mochila: 67.3333333333
Padrão novo: [-0.0, -0.0, -0.0, 0.0, 2.0, 0.0, 0.0, -0.0, 1.9999999999999958, -0.0]
Função Objetivo: 235.333333333
Solution: [45.0, 34.5, 50.0, 44.0, 16.99999999999997, 8.333333333333332, 8.333333333333332, 8.5, 0.0, 3.0, 12.500000000000028]
Solution mochila: 67.3333333333
Padrão novo: [-0.0, -0.0, 0.0, 0.9999999999999993, 0.9999999999999987, 1.000000000000004, -0.0, -0.0, -0.0, 0.0]
Função Objetivo: 231.166666667
Solution: [45.0, 34.5, 50.0, 31.500000000000057, 4.500000000000037, 0.0, 8.333333333333332, 8.5, 0.0, 3.0, 12.500000000000028, 24.9999999999999]
Solution mochila: 67.3333333333
Padrão novo: [-0.0, -0.0, 1.0000000000000027, 0.0, 0.9999999999999971, -0.0, 0.9999999999999998, -0.0, -0.0, 0.0]
Função Objetivo: 222.833333333
Solution: [45.0, 34.5, 37.499999999999964, 31.500000000000057, 0.0, 0.0, 0.0, 8.5, 2.6666666666666377, 3.0, 4.500000000000096, 24.9999999999999, 25.000000000000007]
Solution mochila: 67.25
Padrão novo: [0.0, 0.0, 1.0, 1.0, 0.0, 0.0, 0.0, 1.0, 0.0, 0.0]
Função Objetivo: 217.166666667
Solution: [45.0, 34.5, 20.499999999999964, 14.500000000000057, 0.0, 0.0, 0.0, 0.0, 2.6666666666666377, 3.0, 4.500000000000096, 24.9999999999999, 25.000000000000007, 34.0]
Solution mochila: 67.2435897436
Padrão novo: [0.0, 1.0, 0.0, 1.0, 0.0, -0.0, 0.0, -0.0, 1.0, 1.0]
Função Objetivo: 208.666666667
Solution: [45.0, 19.999999999999943, 20.499999999999964, 0.0, 0.0, 0.0, 0.0, 0.0, 0.0, 0.7692307692307603, 4.500000000000096, 24.9999999999999, 25.000000000000007, 34.0, 29.000000000000117]
Solution mochila: 67.3076923077
Padrão novo: [-0.0, -0.0, 0.0, -0.0, 2.0, -0.0, -0.0, -0.0, -0.0, 4.000000000000001]
Função Objetivo: 203.769230769
Solution: [45.0, 19.999999999999943, 20.499999999999964, 0.0, 0.0, 0.0, 0.0, 0.0, 0.0, 0.0, 2.0000000000001252, 24.9999999999999, 25.000000000000007, 34.0, 29.000000000000117, 2.4999999999999707]
Solution mochila: 67.0
Padrão novo: [2.0, 0.0, 0.0, 0.0, 0.0, 0.0, 0.0, 0.0, 1.0, 0.0]
Função Objetivo: 203.0
