Solution: [0.3333333333333333, 1.6666666666666665, 2.0, 0.5, 1.25, 2.0, 1.75, 1.25, 0.4, 1.6, 0.2, 0.3333333333333333, 1.3333333333333333, 0.42857142857142855, 0.14285714285714285, 1.125, 0.2222222222222222, 0.7000000000000001, 0.6, 0.5555555555555556]
Solution mochila: 95.2666666667
Padrão novo: [-0.0, -0.0, 3.0, -0.0, -0.0, -0.0, -0.0, 0.0, -0.0, -0.0, 1.0, -0.0, -0.0, -0.0, 0.0, -0.0, -0.0, -0.0, 0.9999999999999986, 0.0]
Função Objetivo: 18.3908730159
Solution: [0.3333333333333333, 1.6666666666666665, 0.0, 0.5, 1.25, 2.0, 1.75, 1.25, 0.4, 1.6, 0.0, 0.3333333333333333, 1.3333333333333333, 0.42857142857142855, 0.14285714285714285, 1.125, 0.2222222222222222, 0.7000000000000001, 0.46666666666666684, 0.5555555555555556, 2.0]
Solution mochila: 95.2095238095
Padrão novo: [0.0, 0.0, 0.0, 0.0, 0.0, 0.0, 0.0, 4.0, 0.0, 0.0, 0.0, 0.0, 0.0, 0.0, 1.0, 0.0, 0.0, 0.0, 1.0, 0.0]
Função Objetivo: 18.0575396825
Solution: [0.3333333333333333, 1.6666666666666665, 0.0, 0.5, 1.25, 2.0, 1.75, 0.0, 0.4, 1.6, 0.0, 0.3333333333333333, 1.3333333333333333, 0.42857142857142855, 0.0, 1.125, 0.2222222222222222, 0.7000000000000001, 0.3833333333333335, 0.5555555555555556, 2.0, 1.25]
Solution mochila: 95.1888888889
Padrão novo: [-0.0, -0.0, 2.0000000000000133, -0.0, -0.0, -0.0, 1.9999999999999698, 0.0, -0.0, 0.0, -0.0, -0.0, 0.0, -0.0, -0.0, -0.0, -0.0, -0.0, 1.0000000000000067, -0.0]
Função Objetivo: 17.8313492063
Solution: [0.3333333333333333, 1.6666666666666665, 0.0, 0.5, 1.25, 2.0, 0.25000000000003264, 0.0, 0.4, 1.6, 0.2, 0.3333333333333333, 1.3333333333333333, 0.42857142857142855, 0.0, 1.125, 0.2222222222222222, 0.7000000000000001, 0.31666666666666665, 0.5555555555555556, 0.0, 1.25, 2.99999999999998]
Solution mochila: 95.1666666667
Padrão novo: [-0.0, -0.0, -0.0, -0.0, -0.0, -0.0, 2.0000000000000013, 1.9999999999999982, -0.0, -0.0, 1.0000000000000004, -0.0, -0.0, -0.0, -0.0, -0.0, -0.0, -0.0, -0.0, -0.0]
Função Objetivo: 17.4646825397
Solution: [0.3333333333333333, 1.6666666666666665, 0.0, 0.5, 1.25, 2.0, 0.0, 0.0, 0.4, 1.6, 0.0, 0.3333333333333333, 1.3333333333333333, 0.42857142857142855, 0.02142857142857303, 1.125, 0.2222222222222222, 0.7000000000000001, 0.3499999999999999, 0.5555555555555556, 0.19999999999997664, 0.8499999999999888, 2.7000000000000175, 0.800000000000023]
Solution mochila: 95.1166666667
Padrão novo: [-0.0, -0.0, -0.0, -0.0, -0.0, 3.000000000000001, -0.0, -0.0, -0.0, 0.9999999999999992, -0.0, -0.0, 1.0, -0.0, -0.0, -0.0, -0.0, -0.0, -0.0, 0.0]
Função Objetivo: 17.3694444444
Solution: [0.3333333333333333, 1.6666666666666665, 0.0, 0.5, 1.25, 0.0, 0.0, 0.0, 0.4, 1.0666666666666673, 0.0, 0.3333333333333333, 0.888888888888889, 0.42857142857142855, 0.02142857142857303, 1.125, 0.2222222222222222, 0.7000000000000001, 0.3499999999999999, 0.5555555555555556, 0.19999999999997664, 0.8499999999999888, 2.7000000000000175, 0.800000000000023, 2.666666666666666]
Solution mochila: 95.1095238095
Padrão novo: [0.0, 0.0, 0.0, 0.0, 0.0, 0.0, 0.0, 0.0, 0.0, 1.0, 0.0, 0.0, 4.0, 0.0, 1.0, 0.0, 0.0, 1.0, 0.0, 0.0]
Função Objetivo: 17.0583333333
Solution: [0.3333333333333333, 1.6666666666666665, 0.0, 0.5, 1.25, 0.0, 0.0, 0.0, 0.4, 1.036666666666665, 0.0, 0.3333333333333333, 0.7888888888888815, 0.42857142857142855, 0.0, 1.125, 0.2222222222222222, 0.6849999999999989, 0.3499999999999999, 0.5555555555555556, 0.19999999999997664, 0.8499999999999888, 2.7000000000000175, 0.800000000000023, 2.666666666666666, 0.15000000000001124]
Solution mochila: 95.1166666667
Padrão novo: [-0.0, -0.0, -0.0, -0.0, -0.0, -0.0, -0.0, 2.000000000000001, -0.0, -0.0, -0.0, -0.0, 3.9999999999999982, -0.0, -0.0, -0.0, -0.0, -0.0, -0.0, -0.0]
Função Objetivo: 17.0419047619
Solution: [0.3333333333333333, 1.6666666666666665, 0.0, 0.5, 1.25, 0.0, 0.0, 0.0, 0.4, 0.957777777777777, 0.0, 0.3333333333333333, 0.0, 0.42857142857142855, 0.0, 1.125, 0.2222222222222222, 0.6455555555555549, 0.376296296296296, 0.5555555555555556, 0.19999999999997664, 0.45555555555554783, 2.7000000000000175, 0.800000000000023, 2.666666666666666, 0.5444444444444522, 0.7888888888888818]
Solution mochila: 95.1
Padrão novo: [-0.0, -0.0, -0.0, -0.0, -0.0, -0.0, -0.0, -0.0, -0.0, 4.999999999999999, -0.0, -0.0, -0.0, -0.0, -0.0, 0.0, -0.0, 0.9999999999999996, 0.0, -0.0]
Função Objetivo: 16.9498677249
Solution: [0.3333333333333333, 1.6666666666666665, 0.0, 0.5, 1.25, 0.0, 0.0, 0.0, 0.4, 0.0, 0.0, 0.3333333333333333, 0.0, 0.42857142857142855, 0.0, 1.125, 0.2222222222222222, 0.5497777777777773, 0.376296296296296, 0.5555555555555556, 0.19999999999997664, 0.45555555555554783, 2.7000000000000175, 0.800000000000023, 2.666666666666666, 0.5444444444444522, 0.7888888888888818, 0.9577777777777771]
Solution mochila: 95.0666666667
Padrão novo: [1.0, 2.0, 0.0, 0.0, 0.0, 0.0, 0.0, 0.0, 0.0, 0.0, 0.0, 0.0, 0.0, 0.0, 0.0, 0.0, 0.0, 0.0, 1.0, 0.0]
Função Objetivo: 16.8540899471
Solution: [0.0, 0.9999999999999999, 0.0, 0.5, 1.25, 0.0, 0.0, 0.0, 0.4, 0.0, 0.0, 0.3333333333333333, 0.0, 0.42857142857142855, 0.0, 1.125, 0.2222222222222222, 0.5497777777777773, 0.30962962962962937, 0.5555555555555556, 0.19999999999997664, 0.45555555555554783, 2.7000000000000175, 0.800000000000023, 2.666666666666666, 0.5444444444444522, 0.7888888888888818, 0.9577777777777771, 1.0]
Solution mochila: 95.0722222222
Padrão novo: [0.0, 2.0, 0.0, 0.0, 1.0, 0.0, 0.0, 0.0, 0.0, 0.0, 0.0, 0.0, 0.0, 0.0, 0.0, 0.0, 0.0, 1.0, 0.0, 1.0]
Função Objetivo: 16.7874232804
Solution: [0.3333333333333333, 0.0, 0.0, 0.5, 0.625, 0.0, 0.0, 0.0, 0.4, 0.0, 0.0, 0.3333333333333333, 0.0, 0.42857142857142855, 0.0, 1.125, 0.2222222222222222, 0.2997777777777772, 0.376296296296296, 0.4166666666666667, 0.19999999999997664, 0.45555555555554783, 2.7000000000000175, 0.800000000000023, 2.666666666666666, 0.5444444444444522, 0.7888888888888818, 0.9577777777777771, 0.0, 2.5]
Solution mochila: 95.0666666667
Padrão novo: [-0.0, -0.0, -0.0, -0.0, 4.324318680914985e-12, -0.0, -0.0, -0.0, -0.0, -0.0, -0.0, -0.0, -0.0, -0.0, -0.0, 7.999999999991351, -0.0, -0.0, 1.0, -0.0]
Função Objetivo: 16.6735343915
Solution: [0.3333333333333333, 0.0, 0.0, 0.5, 0.6249999999987838, 0.0, 0.0, 0.0, 0.4, 0.0, 0.0, 0.3333333333333333, 0.0, 0.42857142857142855, 0.0, 0.0, 0.2222222222222222, 0.2997777777777772, 0.3012962962962149, 0.4166666666666667, 0.19999999999997664, 0.45555555555554783, 2.7000000000000175, 0.800000000000023, 2.666666666666666, 0.5444444444444522, 0.7888888888888818, 0.9577777777777771, 0.0, 2.5, 1.1250000000012164]
Solution mochila: 95.0666666667
Padrão novo: [-0.0, 0.0, 0.0, 0.0, 4.0, 0.0, 0.0, 0.0, 0.0, 0.0, -0.0, 0.0, 0.0, 0.0, -0.0, 0.0, 0.0, 0.0, 1.0, 0.0]
Função Objetivo: 16.5985343915
Solution: [0.0, 0.0, 0.0, 0.5, 0.0, 0.0, 0.0, 0.0, 0.4, 0.0, 0.0, 0.3333333333333333, 0.0, 0.42857142857142855, 0.0, 0.0, 0.2222222222222222, 0.3997777777777772, 0.17629629629629603, 0.47222222222222227, 0.19999999999997664, 0.45555555555554783, 2.7000000000000175, 0.800000000000023, 2.666666666666666, 0.5444444444444522, 0.7888888888888818, 0.9577777777777771, 1.0, 1.5, 1.1250000000012164, 0.8749999999987839]
Solution mochila: 95.0444444444
Padrão novo: [-0.0, -0.0, -0.0, -0.0, -0.0, -0.0, -0.0, -0.0, 2.0, -0.0, -0.0, 0.9999999999999991, -0.0, -0.0, -0.0, -0.0, 2.0, 2.0000000000000018, -0.0, 1.0]
Função Objetivo: 16.5457566138
Solution: [0.0, 0.0, 0.0, 0.5, 0.0, 0.0, 0.0, 0.0, 0.0, 0.0, 0.0, 0.1666666666666668, 0.0, 0.42857142857142855, 0.0, 0.0, 0.0, 0.199777777777777, 0.17629629629629603, 0.41666666666666674, 0.19999999999997664, 0.45555555555554783, 2.7000000000000175, 0.800000000000023, 2.666666666666666, 0.5444444444444522, 0.7888888888888818, 0.9577777777777771, 1.0, 1.5, 1.1250000000012164, 0.8749999999987839, 1.0]
Solution mochila: 95.0355555556
Padrão novo: [0.0, 0.0, 0.0, 0.0, 0.0, 0.0, 0.0, 1.0, 1.0, 0.0, 0.0, 2.0, 0.0, 0.0, 0.0, 0.0, 0.0, 3.0, 0.0, 0.0]
Função Objetivo: 16.5013121693
Solution: [0.0, 0.0, 0.0, 0.5, 0.0, 0.0, 0.0, 0.0, 0.0, 0.0, 0.0, 0.0, 0.0, 0.42857142857142855, 0.0, 0.0, 0.0740740740740741, 0.05755555555555465, 0.1837037037037034, 0.4351851851851853, 0.19999999999997664, 0.3444444444444368, 2.7000000000000175, 0.800000000000023, 2.666666666666666, 0.6555555555555632, 0.6777777777777706, 0.9355555555555547, 1.0, 1.5, 1.1250000000012164, 0.8749999999987839, 0.6666666666666665, 0.6666666666666671]
Solution mochila: 95.0355555556
Padrão novo: [0.0, 0.0, 0.0, 0.0, 0.0, 0.0, 0.0, 0.0, 0.0, 0.0, 0.0, 1.0, 0.0, 0.0, 0.0, 0.0, 1.0, 7.0, 1.0, 0.0]
Função Objetivo: 16.4924232804
Solution: [0.0, 0.0, 0.0, 0.5, 0.0, 0.0, 0.0, 0.0, 0.0, 0.0, 0.0, 0.07552716950527219, 0.0, 0.42857142857142855, 0.0, 0.0, 0.0, 0.0, 0.16414436334144342, 0.42274263314409305, 0.19999999999997664, 0.41909975669099003, 2.7000000000000175, 0.800000000000023, 2.666666666666666, 0.58090024330901, 0.7524330900243239, 0.9504866180048653, 1.0, 1.5, 1.1250000000012164, 0.8749999999987838, 0.8906326034063264, 0.21873479318734704, 0.21873479318734712]
Solution mochila: 95.0444444444
Padrão novo: [-0.0, -0.0, -0.0, -0.0, -0.0, -0.0, -0.0, -0.0, -0.0, -0.0, -0.0, 2.0, -0.0, -0.0, -0.0, -0.0, -0.0, -0.0, 9.0, 2.0]
Função Objetivo: 16.488674159
Solution: [0.0, 0.0, 0.0, 0.5, 0.0, 0.0, 0.0, 0.0, 0.015123436650352873, 0.0, 0.0, 0.0, 0.0, 0.42857142857142855, 0.0, 0.0, 0.0, 0.0, 0.0, 0.3934886109600629, 0.19999999999997664, 0.4273790103316941, 2.7000000000000175, 0.800000000000023, 2.666666666666666, 0.5726209896683059, 0.760712343665028, 0.9521424687330061, 1.0, 1.5, 1.1250000000012164, 0.8749999999987839, 0.8776617727025566, 0.16905927134312235, 0.24467645459488668, 0.26977161500815633]
Solution mochila: 95.0428571429
Padrão novo: [-0.0, 0.0, 0.0, 0.0, 0.0, 0.0, 0.0, 0.0, 2.0, 0.0, -0.0, 0.0, 0.0, 1.0, -0.0, 0.0, 0.0, 0.0, 0.0, 9.0]
Função Objetivo: 16.4778740689
Solution: [0.0, 0.0, 0.0, 0.5, 0.0, 0.0, 0.0, 0.0, 0.0, 0.0, 0.0, 0.09938226695229277, 0.0, 0.3014412167194997, 0.0, 0.0, 0.16971603590980344, 0.0, 0.0, 0.0, 0.19999999999997664, 0.41885938321004845, 2.7000000000000175, 0.800000000000023, 2.666666666666666, 0.5811406167899515, 0.7521927165433824, 0.9504385433086769, 1.0, 1.5, 1.1250000000012164, 0.8749999999987839, 0.0, 0.2201770340729961, 0.472555676811769, 0.2453983266642411, 0.889911482963502]
Solution mochila: 95.0390560492
Padrão novo: [-0.0, -0.0, -0.0, -0.0, -0.0, -0.0, -0.0, -0.0, -0.0, -0.0, -0.0, 2.0, -0.0, 3.0, -0.0, -0.0, 2.0, -0.0, -0.0, 1.0]
Função Objetivo: 16.4678799666
Solution: [0.0, 0.0, 0.0, 0.5, 0.0, 0.0, 0.0, 0.0, 0.0, 0.0, 0.0, 0.0, 0.0, 0.13196967633573886, 0.0, 0.0, 0.03313514340524182, 0.0, 0.0, 0.0, 0.19999999999997664, 0.45555555555554783, 2.700000000000017, 0.800000000000023, 2.666666666666666, 0.5444444444444522, 0.7888888888888818, 0.9577777777777768, 1.0, 1.5, 1.1250000000012164, 0.8749999999987839, 0.17354305687956784, 0.0, 0.5215273805740908, 0.2358796737633721, 0.8264569431204322, 0.41658510750979866]
Solution mochila: 95.0397203686
Padrão novo: [-0.0, 0.0, 0.0, 0.0, 0.0, 0.0, 0.0, 0.0, 0.0, 0.0, -0.0, 0.0, 0.0, 2.0, -0.0, 0.0, 2.0, 0.0, 8.0, 0.0]
Função Objetivo: 16.4524303149
Solution: [0.0, 0.0, 0.0, 0.5, 0.0, 0.0, 0.0, 0.0, 0.0, 0.0, 0.0, 0.0, 0.0, 0.010122697237034628, 0.0, 0.0, 0.0, 0.0, 0.0, 0.0, 0.19999999999997656, 0.41655221464658065, 2.7000000000000175, 0.8000000000000231, 2.666666666666666, 0.5834477853534193, 0.7498855479799146, 0.9499771095959835, 1.0, 1.5, 1.1250000000012164, 0.8749999999987839, 0.0, 0.2340200454538023, 0.46635928124131304, 0.020289890616569217, 0.8829899772730988, 0.512510423308972, 0.25430993607037145]
Solution mochila: 95.0252296632
Padrão novo: [-0.0, -0.0, -0.0, 2.0, -0.0, -0.0, -0.0, -0.0, -0.0, -0.0, -0.0, -0.0, -0.0, 3.0, -0.0, -0.0, -0.0, 1.0, -0.0, -0.0]
Função Objetivo: 16.4471315754
Solution: [0.0, 0.0, 0.0, 0.41701773493800964, 0.0, 0.0, 0.0, 0.0, 0.0, 0.0, 0.0, 0.0, 0.0, 0.0, 0.0, 0.0, 0.0, 0.0, 0.0, 0.0, 0.19999999999997664, 0.45555555555554783, 2.700000000000017, 0.800000000000023, 2.666666666666666, 0.5444444444444522, 0.7888888888888818, 0.9577777777777768, 1.0, 1.5, 1.1250000000012164, 0.8749999999987839, 0.16652035796620018, 0.0, 0.4998246473887701, 0.1653353664070865, 0.8334796420337998, 0.5014921309154284, 0.0820751874239864, 0.16596453012398077]
Solution mochila: 95.0227762348
Padrão novo: [0.0, 0.0, 1.0, 0.0, 0.0, 0.0, 0.0, 0.0, 0.0, 0.0, 0.0, 0.0, 0.0, 0.0, 0.0, 0.0, 2.0, 0.0, 0.0, 10.0]
Função Objetivo: 16.4450429305
Solution: [0.0, 0.0, 0.0, 0.053818656339676474, 0.0, 0.0, 0.0, 0.0, 0.0, 0.0, 0.0, 0.0, 0.0, 0.0, 0.0, 0.0, 0.0, 0.0, 0.0, 0.0, 0.11023245101305869, 0.36194212225537903, 2.6102324510130983, 0.8897675489869409, 2.666666666666666, 0.638057877744621, 0.6952754555887128, 0.9390550911177431, 1.0, 1.5, 1.1250000000012164, 0.8749999999987839, 0.48601531104835294, 0.38214550182717677, 0.13029388803410755, 0.30969989863159314, 0.32291193803805873, 0.0, 0.0, 0.892362687320647, 0.4488377449345933]
Solution mochila: 95.0125445077
Padrão novo: [-0.0, 0.0, 0.0, 2.0, 0.0, 0.0, 0.0, 0.0, 1.0, 0.0, -0.0, 0.0, 0.0, 0.0, -0.0, 0.0, 0.0, 1.0, 1.0, 3.0]
Função Objetivo: 16.4373152906
Solution: [0.0, 0.0, 0.0, 0.0, 0.0, 0.0, 0.0, 0.0, 0.0, 0.0, 0.0, 0.0, 0.0, 0.0, 0.0, 0.0, 0.0, 0.0, 0.0, 0.0, 0.09676387380285839, 0.28786366153386755, 2.5967638738028977, 0.9032361261971412, 2.666666666666666, 0.7121363384661324, 0.6211969948672014, 0.9242393989734408, 1.0, 1.5, 1.1250000000012164, 0.8749999999987839, 0.23229346367644532, 0.7996791117358456, 0.0, 0.08417415642593185, 0.24345001029398183, 0.0, 0.2515259053379592, 0.7511660596766999, 0.5161806309855954, 0.24883394032330008]
Solution mochila: 95.0
Padrão novo: [1.0, 1.0, 0.0, 0.0, 0.0, 0.0, 0.0, 0.0, 1.0, 1.0, 0.0, 0.0, 0.0, 0.0, 0.0, 0.0, 0.0, 0.0, 0.0, 0.0]
Função Objetivo: 16.4361702128
