Solution: [0.0, 6.666666666666666, 0.0, 6.666666666666666, 0.0, 3.333333333333333]
Padrão novo: [-0.0, 3.0, -0.0]
Padrão novo: [3.0, -0.0, -0.0]
Função Objetivo: 16.6666666667
Solution: [0.0, 0.0, 0.0, 6.666666666666666, 0.0, 0.0, 3.333333333333333, 6.666666666666666]
Padrão novo: [-0.0, 3.0, -0.0]
Padrão novo: [3.0, -0.0, -0.0]
Função Objetivo: 16.6666666667
Solution: [0.0, 0.0, 0.0, 6.666666666666666, 0.0, 0.0, 0.0, 3.333333333333333, 6.666666666666666, 0.0]
Padrão novo: [-0.0, 3.0, -0.0]
Padrão novo: [3.0, -0.0, -0.0]
Função Objetivo: 16.6666666667
Solution: [0.0, 0.0, 0.0, 0.0, 6.666666666666666, 0.0, 0.0, 0.0, 3.333333333333333, 0.0, 6.666666666666666, 0.0]
Padrão novo: [-0.0, 3.0, -0.0]
Padrão novo: [3.0, -0.0, -0.0]
Função Objetivo: 16.6666666667
Solution: [0.0, 0.0, 0.0, 0.0, 6.666666666666666, 0.0, 0.0, 0.0, 0.0, 3.333333333333333, 0.0, 0.0, 0.0, 6.666666666666666]
Padrão novo: [-0.0, 3.0, -0.0]
Padrão novo: [3.0, -0.0, -0.0]
Função Objetivo: 16.6666666667
Solution: [0.0, 0.0, 0.0, 0.0, 0.0, 0.0, 0.0, 6.666666666666666, 0.0, 0.0, 3.333333333333333, 0.0, 0.0, 0.0, 0.0, 6.666666666666666]
Padrão novo: [-0.0, 3.0, -0.0]
Padrão novo: [3.0, -0.0, -0.0]
Função Objetivo: 16.6666666667
Solution: [0.0, 0.0, 0.0, 0.0, 0.0, 0.0, 0.0, 6.666666666666666, 0.0, 0.0, 0.0, 3.333333333333333, 0.0, 0.0, 0.0, 0.0, 6.666666666666666, 0.0]
Padrão novo: [-0.0, 3.0, -0.0]
Padrão novo: [3.0, -0.0, -0.0]
Função Objetivo: 16.6666666667
Solution: [0.0, 0.0, 0.0, 0.0, 0.0, 0.0, 0.0, 0.0, 6.666666666666666, 0.0, 0.0, 0.0, 3.333333333333333, 0.0, 0.0, 0.0, 0.0, 0.0, 6.666666666666666, 0.0]
Padrão novo: [-0.0, 3.0, -0.0]
Padrão novo: [3.0, -0.0, -0.0]
Função Objetivo: 16.6666666667
Solution: [0.0, 0.0, 0.0, 0.0, 0.0, 0.0, 0.0, 0.0, 6.666666666666666, 0.0, 0.0, 0.0, 0.0, 3.333333333333333, 0.0, 0.0, 0.0, 0.0, 0.0, 0.0, 0.0, 6.666666666666666]
Padrão novo: [-0.0, 3.0, -0.0]
Padrão novo: [3.0, -0.0, -0.0]
Função Objetivo: 16.6666666667
Solution: [0.0, 0.0, 0.0, 0.0, 0.0, 0.0, 0.0, 0.0, 0.0, 0.0, 6.666666666666666, 0.0, 0.0, 0.0, 3.333333333333333, 0.0, 0.0, 0.0, 0.0, 0.0, 0.0, 0.0, 6.666666666666666, 0.0]
Padrão novo: [-0.0, 3.0, -0.0]
Padrão novo: [3.0, -0.0, -0.0]
Função Objetivo: 16.6666666667
Solution: [0.0, 0.0, 0.0, 0.0, 0.0, 0.0, 0.0, 0.0, 0.0, 0.0, 6.666666666666666, 0.0, 0.0, 0.0, 0.0, 3.333333333333333, 0.0, 0.0, 0.0, 0.0, 0.0, 0.0, 0.0, 0.0, 0.0, 6.666666666666666]
Padrão novo: [-0.0, 3.0, -0.0]
Padrão novo: [3.0, -0.0, -0.0]
Função Objetivo: 16.6666666667
Solution: [0.0, 0.0, 0.0, 0.0, 0.0, 0.0, 0.0, 0.0, 0.0, 0.0, 0.0, 6.666666666666666, 0.0, 0.0, 0.0, 0.0, 3.333333333333333, 0.0, 0.0, 0.0, 0.0, 0.0, 0.0, 0.0, 0.0, 0.0, 0.0, 6.666666666666666]
Padrão novo: [-0.0, 3.0, -0.0]
Padrão novo: [3.0, -0.0, -0.0]
Função Objetivo: 16.6666666667
Solution: [0.0, 0.0, 0.0, 0.0, 0.0, 0.0, 0.0, 0.0, 0.0, 0.0, 0.0, 0.0, 0.0, 6.666666666666666, 0.0, 0.0, 0.0, 3.333333333333333, 0.0, 0.0, 0.0, 0.0, 0.0, 0.0, 0.0, 0.0, 0.0, 0.0, 0.0, 6.666666666666666]
Padrão novo: [-0.0, 3.0, -0.0]
Padrão novo: [3.0, -0.0, -0.0]
Função Objetivo: 16.6666666667
Solution: [0.0, 0.0, 0.0, 0.0, 0.0, 0.0, 0.0, 0.0, 0.0, 0.0, 0.0, 0.0, 0.0, 0.0, 0.0, 6.666666666666666, 0.0, 0.0, 3.333333333333333, 0.0, 0.0, 0.0, 0.0, 0.0, 0.0, 0.0, 0.0, 0.0, 0.0, 0.0, 0.0, 6.666666666666666]
Padrão novo: [-0.0, 3.0, -0.0]
Padrão novo: [3.0, -0.0, -0.0]
Função Objetivo: 16.6666666667
Solution: [0.0, 0.0, 0.0, 0.0, 0.0, 0.0, 0.0, 0.0, 0.0, 0.0, 0.0, 0.0, 0.0, 0.0, 0.0, 6.666666666666666, 0.0, 0.0, 0.0, 3.333333333333333, 0.0, 0.0, 0.0, 0.0, 0.0, 0.0, 0.0, 0.0, 0.0, 0.0, 0.0, 0.0, 6.666666666666666, 0.0]
Padrão novo: [-0.0, 3.0, -0.0]
Padrão novo: [3.0, -0.0, -0.0]
Função Objetivo: 16.6666666667
Solution: [0.0, 0.0, 0.0, 0.0, 0.0, 0.0, 0.0, 0.0, 0.0, 0.0, 0.0, 0.0, 0.0, 0.0, 0.0, 0.0, 6.666666666666666, 0.0, 0.0, 0.0, 3.333333333333333, 0.0, 0.0, 0.0, 0.0, 0.0, 0.0, 0.0, 0.0, 0.0, 0.0, 0.0, 0.0, 0.0, 6.666666666666666, 0.0]
Padrão novo: [-0.0, 3.0, -0.0]
Padrão novo: [3.0, -0.0, -0.0]
Função Objetivo: 16.6666666667
Solution: [0.0, 0.0, 0.0, 0.0, 0.0, 0.0, 0.0, 0.0, 0.0, 0.0, 0.0, 0.0, 0.0, 0.0, 0.0, 0.0, 6.666666666666666, 0.0, 0.0, 0.0, 0.0, 3.333333333333333, 0.0, 0.0, 0.0, 0.0, 0.0, 0.0, 0.0, 0.0, 0.0, 0.0, 0.0, 0.0, 0.0, 0.0, 0.0, 6.666666666666666]
Padrão novo: [-0.0, 3.0, -0.0]
Padrão novo: [3.0, -0.0, -0.0]
Função Objetivo: 16.6666666667
Solution: [0.0, 0.0, 0.0, 0.0, 0.0, 0.0, 0.0, 0.0, 0.0, 0.0, 0.0, 0.0, 0.0, 0.0, 0.0, 0.0, 0.0, 0.0, 6.666666666666666, 0.0, 0.0, 0.0, 3.333333333333333, 0.0, 0.0, 0.0, 0.0, 0.0, 0.0, 0.0, 0.0, 0.0, 0.0, 0.0, 0.0, 0.0, 0.0, 0.0, 6.666666666666666, 0.0]
Padrão novo: [-0.0, 3.0, -0.0]
Padrão novo: [3.0, -0.0, -0.0]
Função Objetivo: 16.6666666667
Solution: [0.0, 0.0, 0.0, 0.0, 0.0, 0.0, 0.0, 0.0, 0.0, 0.0, 0.0, 0.0, 0.0, 0.0, 0.0, 0.0, 0.0, 0.0, 6.666666666666666, 0.0, 0.0, 0.0, 0.0, 3.333333333333333, 0.0, 0.0, 0.0, 0.0, 0.0, 0.0, 0.0, 0.0, 0.0, 0.0, 0.0, 0.0, 0.0, 0.0, 0.0, 0.0, 0.0, 6.666666666666666]
Padrão novo: [-0.0, 3.0, -0.0]
Padrão novo: [3.0, -0.0, -0.0]
Função Objetivo: 16.6666666667
Solution: [0.0, 0.0, 0.0, 0.0, 0.0, 0.0, 0.0, 0.0, 0.0, 0.0, 0.0, 0.0, 0.0, 0.0, 0.0, 0.0, 0.0, 0.0, 0.0, 6.666666666666666, 0.0, 0.0, 0.0, 0.0, 3.333333333333333, 0.0, 0.0, 0.0, 0.0, 0.0, 0.0, 0.0, 0.0, 0.0, 0.0, 0.0, 0.0, 0.0, 0.0, 0.0, 0.0, 0.0, 0.0, 6.666666666666666]
Padrão novo: [-0.0, 3.0, -0.0]
Padrão novo: [3.0, -0.0, -0.0]
Função Objetivo: 16.6666666667
Solution: [0.0, 0.0, 0.0, 0.0, 0.0, 0.0, 0.0, 0.0, 0.0, 0.0, 0.0, 0.0, 0.0, 0.0, 0.0, 0.0, 0.0, 0.0, 0.0, 0.0, 0.0, 6.666666666666666, 0.0, 0.0, 0.0, 3.333333333333333, 0.0, 0.0, 0.0, 0.0, 0.0, 0.0, 0.0, 0.0, 0.0, 0.0, 0.0, 0.0, 0.0, 0.0, 0.0, 0.0, 0.0, 0.0, 6.666666666666666, 0.0]
Padrão novo: [-0.0, 3.0, -0.0]
Padrão novo: [3.0, -0.0, -0.0]
Função Objetivo: 16.6666666667
Solution: [0.0, 0.0, 0.0, 0.0, 0.0, 0.0, 0.0, 0.0, 0.0, 0.0, 0.0, 0.0, 0.0, 0.0, 0.0, 0.0, 0.0, 0.0, 0.0, 0.0, 0.0, 0.0, 6.666666666666666, 0.0, 0.0, 0.0, 3.333333333333333, 0.0, 0.0, 0.0, 0.0, 0.0, 0.0, 0.0, 0.0, 0.0, 0.0, 0.0, 0.0, 0.0, 0.0, 0.0, 0.0, 0.0, 0.0, 0.0, 6.666666666666666, 0.0]
Padrão novo: [-0.0, 3.0, -0.0]
Padrão novo: [3.0, -0.0, -0.0]
Função Objetivo: 16.6666666667
Solution: [0.0, 0.0, 0.0, 0.0, 0.0, 0.0, 0.0, 0.0, 0.0, 0.0, 0.0, 0.0, 0.0, 0.0, 0.0, 0.0, 0.0, 0.0, 0.0, 0.0, 0.0, 0.0, 6.666666666666666, 0.0, 0.0, 0.0, 0.0, 3.333333333333333, 0.0, 0.0, 0.0, 0.0, 0.0, 0.0, 0.0, 0.0, 0.0, 0.0, 0.0, 0.0, 0.0, 0.0, 0.0, 0.0, 0.0, 0.0, 0.0, 0.0, 0.0, 6.666666666666666]
Padrão novo: [-0.0, 3.0, -0.0]
Padrão novo: [3.0, -0.0, -0.0]
Função Objetivo: 16.6666666667
Solution: [0.0, 0.0, 0.0, 0.0, 0.0, 0.0, 0.0, 0.0, 0.0, 0.0, 0.0, 0.0, 0.0, 0.0, 0.0, 0.0, 0.0, 0.0, 0.0, 0.0, 0.0, 0.0, 0.0, 6.666666666666666, 0.0, 0.0, 0.0, 0.0, 3.333333333333333, 0.0, 0.0, 0.0, 0.0, 0.0, 0.0, 0.0, 0.0, 0.0, 0.0, 0.0, 0.0, 0.0, 0.0, 0.0, 0.0, 0.0, 0.0, 0.0, 0.0, 0.0, 0.0, 6.666666666666666]
Padrão novo: [-0.0, 3.0, -0.0]
Padrão novo: [3.0, -0.0, -0.0]
Função Objetivo: 16.6666666667
Solution: [0.0, 0.0, 0.0, 0.0, 0.0, 0.0, 0.0, 0.0, 0.0, 0.0, 0.0, 0.0, 0.0, 0.0, 0.0, 0.0, 0.0, 0.0, 0.0, 0.0, 0.0, 0.0, 0.0, 0.0, 0.0, 6.666666666666666, 0.0, 0.0, 0.0, 3.333333333333333, 0.0, 0.0, 0.0, 0.0, 0.0, 0.0, 0.0, 0.0, 0.0, 0.0, 0.0, 0.0, 0.0, 0.0, 0.0, 0.0, 0.0, 0.0, 0.0, 0.0, 0.0, 0.0, 0.0, 6.666666666666666]
Padrão novo: [-0.0, 3.0, -0.0]
Padrão novo: [3.0, -0.0, -0.0]
Função Objetivo: 16.6666666667
Solution: [0.0, 0.0, 0.0, 0.0, 0.0, 0.0, 0.0, 0.0, 0.0, 0.0, 0.0, 0.0, 0.0, 0.0, 0.0, 0.0, 0.0, 0.0, 0.0, 0.0, 0.0, 0.0, 0.0, 0.0, 0.0, 6.666666666666666, 0.0, 0.0, 0.0, 0.0, 3.333333333333333, 0.0, 0.0, 0.0, 0.0, 0.0, 0.0, 0.0, 0.0, 0.0, 0.0, 0.0, 0.0, 0.0, 0.0, 0.0, 0.0, 0.0, 0.0, 0.0, 0.0, 0.0, 0.0, 0.0, 0.0, 6.666666666666666]
Padrão novo: [-0.0, 3.0, -0.0]
Padrão novo: [3.0, -0.0, -0.0]
Função Objetivo: 16.6666666667
Solution: [0.0, 0.0, 0.0, 0.0, 0.0, 0.0, 0.0, 0.0, 0.0, 0.0, 0.0, 0.0, 0.0, 0.0, 0.0, 0.0, 0.0, 0.0, 0.0, 0.0, 0.0, 0.0, 0.0, 0.0, 0.0, 0.0, 0.0, 6.666666666666666, 0.0, 0.0, 0.0, 3.333333333333333, 0.0, 0.0, 0.0, 0.0, 0.0, 0.0, 0.0, 0.0, 0.0, 0.0, 0.0, 0.0, 0.0, 0.0, 0.0, 0.0, 0.0, 0.0, 0.0, 0.0, 0.0, 0.0, 0.0, 0.0, 0.0, 6.666666666666666]
Padrão novo: [-0.0, 3.0, -0.0]
Padrão novo: [3.0, -0.0, -0.0]
Função Objetivo: 16.6666666667
