Solution: [2.0, 0.6000000000000001, 0.2, 0.5, 1.5, 0.42857142857142855, 0.75, 0.7777777777777777, 1.1111111111111112, 0.42105263157894735]
Solution mochila: 100.088888889
Padrão novo: [0.0, 1.0, 0.0, 0.0, 0.0, 0.0, 0.0, 0.0, 8.0, 0.0]
Função Objetivo: 8.28851294904
Solution: [2.0, 0.3500000000000001, 0.2, 0.5, 1.5, 0.42857142857142855, 0.75, 0.7777777777777777, 0.0, 0.42105263157894735, 1.25]
Solution mochila: 100.083333333
Padrão novo: [1.0, 0.0, 0.0, 0.0, 5.0, 0.0, 0.0, 0.0, 0.0, 0.0]
Função Objetivo: 8.17740183793
Solution: [1.55, 0.3500000000000001, 0.2, 0.5, 0.0, 0.42857142857142855, 0.75, 0.7777777777777777, 0.0, 0.42105263157894735, 1.25, 1.8]
Solution mochila: 100.043274854
Padrão novo: [0.0, 1.0, 1.0, 0.0, 0.0, 0.0, 0.0, 2.0, 0.0, 8.0]
Função Objetivo: 8.02740183793
Solution: [1.55, 0.15000000000000008, 0.0, 0.5, 0.0, 0.42857142857142855, 0.75, 0.5555555555555555, 0.0, 0.0, 1.25, 1.8, 1.0]
Solution mochila: 100.040789474
Padrão novo: [0.0, 3.0, -0.0, 0.0, 0.0, 0.0, 1.0, 0.0, 0.0, 6.0]
Função Objetivo: 7.98412698413
Solution: [1.55, 0.0, 0.04999999999999999, 0.5, 0.0, 0.42857142857142855, 0.7083333333333334, 0.611111111111111, 0.0, 0.0, 1.25, 1.8, 0.75, 0.3333333333333333]
Solution mochila: 100.039351852
Padrão novo: [1.0, 0.0, 1.0, 1.0, 0.0, 0.0, 3.0, 0.0, 0.0, 1.0]
Função Objetivo: 7.98134920635
Solution: [1.3, 0.0, 0.0, 0.33333333333333337, 0.0, 0.42857142857142855, 0.30208333333333337, 0.7777777777777777, 0.0, 0.18421052631578946, 1.25, 1.8, 0.0, 0.5833333333333334, 1.0]
Solution mochila: 100.035087719
Padrão novo: [-0.0, -0.0, -0.0, 1.0000000000000213, -0.0, -0.0, 3.9999999999999645, -0.0, -0.0, 7.000000000000019]
Função Objetivo: 7.95930973266
Solution: [1.3, 0.0, 0.0, 0.2499999999999985, 0.0, 0.42857142857142855, 0.0520833333333362, 0.7777777777777777, 0.0, 0.0, 1.25, 1.8, 0.0, 0.5833333333333334, 1.0, 0.49999999999999867]
Solution mochila: 100.025
Padrão novo: [1.0, 0.0, 0.0, 0.0, 1.0, 0.0, 5.0, 0.0, 0.0, 0.0]
Função Objetivo: 7.94176587302
Solution: [1.2833333333333323, 0.0, 0.0, 0.2499999999999985, 0.0, 0.42857142857142855, 0.0, 0.7777777777777777, 0.0, 0.0, 1.25, 1.7833333333333325, 0.0, 0.5833333333333334, 1.0, 0.49999999999999867, 0.08333333333333798]
Solution mochila: 100.025714286
Padrão novo: [2.0, 1.0, 0.0, 2.0, 0.0, 0.0, 0.0, 0.0, 0.0, 0.0]
Função Objetivo: 7.93968253968
Solution: [0.75875, 0.0, 0.0, 0.0, 0.0, 0.42857142857142855, 0.0, 0.6388888888888884, 0.0, 0.0, 1.25, 1.664999999999999, 0.6250000000000018, 0.0, 0.3749999999999982, 0.3749999999999972, 0.675000000000006, 1.1249999999999982]
Solution mochila: 100.025119048
Padrão novo: [3.0, 0.0, 0.0, 0.0, 0.0, 0.0, 1.0, 0.0, 0.0, 3.0]
Função Objetivo: 7.91621031746
Solution: [0.0, 0.0, 0.0, 0.0, 0.0, 0.42857142857142855, 0.0, 0.7777777777777777, 0.0, 0.0, 1.25, 1.7792207792207786, 0.0, 0.2941317941317948, 1.0, 0.26479076479076324, 0.10389610389610673, 0.8676046176046155, 1.1272246272246278]
Solution mochila: 100.0
Padrão novo: [1.0, 1.0, 0.0, 1.0, 0.0, 0.0, 0.0, 0.0, 0.0, 8.0]
Função Objetivo: 7.89321789322
