Função Objetivo: 11.45
Função Objetivo: 11.12
Função Objetivo: 10.9866666667
Função Objetivo: 10.92
Função Objetivo: 10.65
Função Objetivo: 10.46

 Tempo Total: (0.3309330940246582,)[array([[3.        , 0.        , 0.        , 0.        , 0.        ,
        0.        , 0.4       , 1.        , 0.        , 0.        ,
        1.        ],
       [0.        , 4.        , 0.        , 0.        , 0.        ,
        0.        , 0.        , 0.        , 0.        , 4.16666667,
        2.91666667],
       [0.        , 0.        , 4.        , 0.        , 0.        ,
        0.        , 4.        , 0.        , 0.        , 0.        ,
        0.        ],
       [0.        , 0.        , 0.        , 5.        , 0.        ,
        5.88235294, 0.        , 0.        , 0.        , 0.        ,
        0.        ],
       [0.        , 0.        , 0.        , 0.        , 6.        ,
        0.        , 0.        , 4.66666667, 6.66666667, 0.        ,
        0.        ]]), array([[2.        , 0.        , 0.        , 0.        , 0.        ,
        0.        , 0.        , 1.        , 0.        , 0.        ,
        1.        ],
       [0.        , 2.        , 0.        , 0.        , 0.        ,
        0.        , 0.        , 0.        , 0.        , 2.91666667,
        1.66666667],
       [0.        , 0.        , 3.        , 0.        , 0.        ,
        0.        , 3.18181818, 0.        , 0.        , 0.        ,
        0.        ],
       [0.        , 0.        , 0.        , 4.        , 0.        ,
        4.11764706, 0.        , 0.        , 0.        , 0.        ,
        0.        ],
       [0.        , 0.        , 0.        , 0.        , 4.        ,
        0.        , 0.        , 2.66666667, 4.66666667, 0.        ,
        0.        ]])]