Função Objetivo: 14.2793650794
Função Objetivo: 12.9593650794
Função Objetivo: 12.7493650794
Função Objetivo: 12.7306060606
Função Objetivo: 12.71

 Tempo Total: (0.25264501571655273,)[array([[3.        , 0.        , 0.        , 0.        , 0.        ,
        3.84615385, 0.        , 0.        , 0.        , 3.84615385],
       [0.        , 5.        , 0.        , 0.        , 0.        ,
        0.        , 0.        , 0.        , 0.        , 0.        ],
       [0.        , 0.        , 5.        , 0.        , 0.        ,
        0.        , 5.88235294, 0.        , 0.        , 0.        ],
       [0.        , 0.        , 0.        , 7.        , 0.        ,
        0.        , 0.        , 6.        , 0.        , 0.        ],
       [0.        , 0.        , 0.        , 0.        , 9.        ,
        0.        , 0.        , 1.45454545, 9.09090909, 0.        ]]), array([[2.        , 0.        , 0.        , 0.        , 0.        ,
        2.69230769, 0.        , 0.        , 0.        , 2.69230769],
       [0.        , 3.        , 0.        , 0.        , 0.        ,
        0.        , 0.        , 0.        , 0.        , 0.        ],
       [0.        , 0.        , 4.        , 0.        , 0.        ,
        0.        , 4.11764706, 0.        , 0.        , 0.        ],
       [0.        , 0.        , 0.        , 5.        , 0.        ,
        0.        , 0.        , 5.        , 0.        , 0.        ],
       [0.        , 0.        , 0.        , 0.        , 6.        ,
        0.        , 0.        , 0.        , 6.36363636, 0.        ]])]