Função Objetivo: 9.0
Função Objetivo: 8.24
Função Objetivo: 8.02333333333
Função Objetivo: 7.79

 Tempo Total: (0.19496512413024902,)[array([[3.        , 0.        , 0.        , 0.        , 0.        ,
        0.        , 0.        , 3.33333333, 3.33333333],
       [0.        , 3.        , 0.        , 0.        , 0.        ,
        0.        , 3.44827586, 0.        , 0.        ],
       [0.        , 0.        , 3.        , 0.        , 0.        ,
        3.7037037 , 0.        , 0.        , 0.        ],
       [0.        , 0.        , 0.        , 3.        , 0.        ,
        0.        , 0.        , 0.        , 0.        ],
       [0.        , 0.        , 0.        , 0.        , 4.        ,
        0.        , 0.        , 0.        , 0.        ]]), array([[2.        , 0.        , 0.        , 0.        , 0.        ,
        0.        , 0.        , 2.33333333, 2.33333333],
       [0.        , 2.        , 0.        , 0.        , 0.        ,
        0.        , 2.4137931 , 0.        , 0.        ],
       [0.        , 0.        , 2.        , 0.        , 0.        ,
        2.59259259, 0.        , 0.        , 0.        ],
       [0.        , 0.        , 0.        , 2.        , 0.        ,
        0.        , 0.        , 0.        , 0.        ],
       [0.        , 0.        , 0.        , 0.        , 2.        ,
        0.        , 0.        , 0.        , 0.        ]])]