Função Objetivo: 9.98611111111
Função Objetivo: 9.50611111111
Função Objetivo: 9.34611111111
Função Objetivo: 9.27111111111
Função Objetivo: 9.26

 Tempo Total: (0.4323701858520508,)[array([[3.        , 0.        , 0.        , 0.        , 0.        ,
        3.57142857, 0.        , 0.        , 0.        , 3.57142857],
       [0.        , 4.        , 0.        , 0.        , 0.        ,
        0.        , 4.16666667, 0.        , 0.        , 0.        ],
       [0.        , 0.        , 5.        , 0.        , 0.        ,
        0.        , 0.        , 0.        , 0.        , 0.        ],
       [0.        , 0.        , 0.        , 8.        , 0.        ,
        0.        , 0.        , 8.33333333, 0.        , 0.        ],
       [0.        , 0.        , 0.        , 0.        , 9.        ,
        0.        , 0.        , 0.        , 9.09090909, 0.        ]]), array([[2.        , 0.        , 0.        , 0.        , 0.        ,
        2.5       , 0.        , 0.        , 0.        , 2.5       ],
       [0.        , 2.        , 0.        , 0.        , 0.        ,
        0.        , 2.91666667, 0.        , 0.        , 0.        ],
       [0.        , 0.        , 3.        , 0.        , 0.        ,
        0.        , 0.        , 0.        , 0.        , 0.        ],
       [0.        , 0.        , 0.        , 5.        , 0.        ,
        0.        , 0.        , 5.83333333, 0.        , 0.        ],
       [0.        , 0.        , 0.        , 0.        , 6.        ,
        0.        , 0.        , 0.        , 6.36363636, 0.        ]])]