Função Objetivo: 12.5416666667
Função Objetivo: 12.325
Função Objetivo: 12.075
Função Objetivo: 11.965
Função Objetivo: 11.93

 Tempo Total: (0.15465784072875977,)[array([[3.        , 0.        , 0.        , 0.        , 0.        ,
        3.44827586, 0.        , 0.        , 0.55172414, 3.44827586],
       [0.        , 4.        , 0.        , 0.        , 0.        ,
        0.        , 0.        , 0.        , 0.        , 0.        ],
       [0.        , 0.        , 4.        , 0.        , 0.        ,
        0.        , 0.        , 4.16666667, 0.        , 0.        ],
       [0.        , 0.        , 0.        , 6.        , 0.        ,
        0.        , 6.66666667, 0.        , 0.        , 0.        ],
       [0.        , 0.        , 0.        , 0.        , 8.        ,
        0.        , 0.        , 0.        , 7.        , 0.        ]]), array([[2.        , 0.        , 0.        , 0.        , 0.        ,
        2.4137931 , 0.        , 0.        , 0.        , 2.4137931 ],
       [0.        , 2.        , 0.        , 0.        , 0.        ,
        0.        , 0.        , 0.        , 0.        , 0.        ],
       [0.        , 0.        , 2.        , 0.        , 0.        ,
        0.        , 0.        , 2.91666667, 0.        , 0.        ],
       [0.        , 0.        , 0.        , 4.        , 0.        ,
        0.        , 4.66666667, 0.        , 0.        , 0.        ],
       [0.        , 0.        , 0.        , 0.        , 5.        ,
        0.        , 0.        , 0.        , 5.83333333, 0.        ]])]