Função Objetivo: 9.91666666667
Função Objetivo: 9.47333333333
Função Objetivo: 9.27333333333
Função Objetivo: 8.97333333333
Função Objetivo: 8.84

 Tempo Total: (0.3067929744720459,)[array([[3.        , 0.        , 0.        , 0.        , 3.7037037 ,
        0.        , 0.        , 0.        , 3.7037037 ],
       [0.        , 4.        , 0.        , 0.        , 0.        ,
        4.76190476, 0.        , 0.        , 0.        ],
       [0.        , 0.        , 6.        , 0.        , 0.        ,
        0.        , 0.        , 6.25      , 0.        ],
       [0.        , 0.        , 0.        , 6.        , 0.        ,
        0.        , 6.66666667, 0.        , 0.        ]]), array([[2.        , 0.        , 0.        , 0.        , 2.59259259,
        0.        , 0.        , 0.        , 2.59259259],
       [0.        , 3.        , 0.        , 0.        , 0.        ,
        3.33333333, 0.        , 0.        , 0.        ],
       [0.        , 0.        , 4.        , 0.        , 0.        ,
        0.        , 0.        , 4.375     , 0.        ],
       [0.        , 0.        , 0.        , 4.        , 0.        ,
        0.        , 4.66666667, 0.        , 0.        ]])]