Função Objetivo: 6.24761904762
Função Objetivo: 6.21428571429
Função Objetivo: 6.21428571429
Função Objetivo: 6.19387755102
Função Objetivo: 6.19

 Tempo Total: (0.29235315322875977,)[array([[4.        , 0.        , 0.        , 0.        , 0.        ,
        0.        , 0.        , 0.        , 4.        ],
       [0.        , 5.        , 0.        , 0.        , 1.        ,
        0.        , 1.        , 0.        , 0.        ],
       [0.        , 0.        , 6.        , 0.        , 2.        ,
        2.        , 0.        , 0.        , 0.        ],
       [0.        , 0.        , 0.        , 7.        , 3.5       ,
        4.85714286, 5.78571429, 7.14285714, 0.        ]]), array([[2.        , 0.        , 0.        , 0.        , 0.        ,
        0.        , 0.        , 0.        , 2.8       ],
       [0.        , 3.        , 0.        , 0.        , 1.        ,
        0.        , 1.        , 0.        , 0.        ],
       [0.        , 0.        , 4.        , 0.        , 2.        ,
        2.        , 0.        , 0.        , 0.        ],
       [0.        , 0.        , 0.        , 5.        , 1.35714286,
        2.71428571, 3.64285714, 5.        , 0.        ]])]