Função Objetivo: 12.4083333333
Função Objetivo: 11.455
Função Objetivo: 11.295
Função Objetivo: 11.25125
Função Objetivo: 11.145
Função Objetivo: 11.05

 Tempo Total: (0.34181714057922363,)[array([[3.        , 0.        , 0.        , 0.        , 0.        ,
        3.84615385, 0.        , 0.        , 0.        , 0.        ,
        3.84615385],
       [0.        , 4.        , 0.        , 0.        , 0.        ,
        0.        , 0.        , 3.375     , 4.16666667, 0.        ,
        0.        ],
       [0.        , 0.        , 4.        , 0.        , 0.        ,
        0.        , 4.34782609, 0.        , 0.        , 0.        ,
        0.        ],
       [0.        , 0.        , 0.        , 5.        , 0.        ,
        0.        , 0.        , 1.        , 0.        , 0.        ,
        0.        ],
       [0.        , 0.        , 0.        , 0.        , 8.        ,
        0.        , 0.        , 0.        , 0.        , 8.33333333,
        0.        ]]), array([[2.        , 0.        , 0.        , 0.        , 0.        ,
        2.69230769, 0.        , 0.        , 0.        , 0.        ,
        2.69230769],
       [0.        , 2.        , 0.        , 0.        , 0.        ,
        0.        , 0.        , 2.125     , 2.91666667, 0.        ,
        0.        ],
       [0.        , 0.        , 3.        , 0.        , 0.        ,
        0.        , 3.04347826, 0.        , 0.        , 0.        ,
        0.        ],
       [0.        , 0.        , 0.        , 3.        , 0.        ,
        0.        , 0.        , 1.        , 0.        , 0.        ,
        0.        ],
       [0.        , 0.        , 0.        , 0.        , 5.        ,
        0.        , 0.        , 0.        , 0.        , 5.83333333,
        0.        ]])]