Função Objetivo: 2.95
Função Objetivo: 2.62
Função Objetivo: 2.61

 Tempo Total: (0.09458398818969727,)[array([[3.        , 0.        , 0.        , 0.        , 0.        ,
        0.        ],
       [0.        , 4.        , 0.        , 4.54545455, 3.68181818,
        3.68181818],
       [0.        , 0.        , 5.        , 0.        , 1.        ,
        1.        ]]), array([[2.        , 0.        , 0.        , 0.        , 0.        ,
        0.        ],
       [0.        , 3.        , 0.        , 3.18181818, 2.31818182,
        2.31818182],
       [0.        , 0.        , 3.        , 0.        , 1.        ,
        1.        ]])]