Função Objetivo: 10.8333333333
Função Objetivo: 9.56666666667
Função Objetivo: 9.26666666667
Função Objetivo: 9.18333333333
Função Objetivo: 9.16

 Tempo Total: (0.29111599922180176,)[array([[3.        , 0.        , 0.        , 0.        , 0.        ,
        0.        , 0.        , 2.        , 0.        , 2.        ],
       [0.        , 3.        , 0.        , 0.        , 0.        ,
        3.7037037 , 0.        , 0.        , 0.14814815, 1.48148148],
       [0.        , 0.        , 4.        , 0.        , 0.        ,
        0.        , 4.54545455, 0.        , 0.        , 0.        ],
       [0.        , 0.        , 0.        , 6.        , 0.        ,
        0.        , 0.        , 2.5       , 6.        , 0.        ],
       [0.        , 0.        , 0.        , 0.        , 8.        ,
        0.        , 0.        , 0.        , 0.        , 0.        ]]), array([[2.        , 0.        , 0.        , 0.        , 0.        ,
        0.        , 0.        , 2.        , 0.        , 2.        ],
       [0.        , 2.        , 0.        , 0.        , 0.        ,
        2.59259259, 0.        , 0.        , 0.        , 0.37037037],
       [0.        , 0.        , 3.        , 0.        , 0.        ,
        0.        , 3.18181818, 0.        , 0.        , 0.        ],
       [0.        , 0.        , 0.        , 4.        , 0.        ,
        0.        , 0.        , 0.625     , 4.375     , 0.        ],
       [0.        , 0.        , 0.        , 0.        , 5.        ,
        0.        , 0.        , 0.        , 0.        , 0.        ]])]