Solution: [10.0, 2.0, 2.0, 3.5, 3.0, 4.0, 2.6666666666666665, 0.2, 0.25, 0.4]
Solution mochila: 95.5
Padrão novo: [0.0, 1.0, 0.0, 0.0, 0.0, 0.0, 0.0, 1.0, 0.0, 3.0]
Função Objetivo: 28.0166666667
Solution: [10.0, 0.0, 2.0, 3.5, 3.0, 4.0, 2.6666666666666665, 0.0, 0.25, 0.0, 2.0]
Solution mochila: 95.25
Padrão novo: [0.0, 0.0, 0.0, 0.0, 2.0, 0.0, 0.0, 0.0, 2.0, 0.0]
Função Objetivo: 27.4166666667
Solution: [10.0, 0.0, 2.0, 3.5, 2.0, 4.0, 2.6666666666666665, 0.0, 0.0, 0.0, 2.0, 1.0]
Solution mochila: 95.0
Padrão novo: [1.0, 0.0, 0.0, 0.0, 0.0, 0.0, 0.0, 0.0, 0.0, 3.0]
Função Objetivo: 27.1666666667
