Solution: [2.0, 1.0, 8.0, 1.0, 10.0, 0.5, 1.25, 1.6, 0.14285714285714285, 0.42857142857142855]
Solution mochila: 87.3428571429
Padrão novo: [0.0, 0.0, 0.0, 0.0, 1.0, 0.0, 0.0, 1.0, 1.0, 0.0]
Função Objetivo: 25.9214285714
Solution: [2.0, 1.0, 8.0, 1.0, 2.0, 0.5, 1.25, 0.0, 0.0, 0.42857142857142855, 8.0]
Solution mochila: 87.2857142857
Padrão novo: [0.0, 0.0, 1.0, 0.0, 0.0, 0.0, 0.0, 0.0, 0.0, 2.0]
Função Objetivo: 24.1785714286
Solution: [2.0, 1.0, 6.5, 1.0, 2.0, 0.5, 1.25, 0.0, 0.0, 0.0, 8.0, 1.5]
Solution mochila: 87.0
Padrão novo: [-0.0, 0.0, -0.0, 0.0, -0.0, 1.0, 2.0, 0.0, 1.0, 0.0]
Função Objetivo: 23.75
