Solution: [7.0, 4.0, 3.0, 3.0, 10.0, 5.0, 2.25, 1.6666666666666665, 0.6000000000000001, 0.9090909090909092]
Solution mochila: 84.5242424242
Padrão novo: [0.0, 0.0, 0.0, 0.0, 1.0, 0.0, 0.0, 2.0, 1.0, 1.0]
Função Objetivo: 37.4257575758
Solution: [7.0, 4.0, 3.0, 3.0, 0.0, 5.0, 2.25, 0.0, 0.0, 0.0, 10.0]
Solution mochila: 84.25
Padrão novo: [1.0, 0.0, 0.0, 0.0, 0.0, 0.0, 1.0, 0.0, 0.0, 1.0]
Função Objetivo: 34.25
Solution: [0.0, 4.0, 3.0, 3.0, 4.0, 5.0, 0.5, 0.0, 0.0, 0.0, 6.0, 7.0]
Solution mochila: 84.25
Padrão novo: [0.0, -0.0, -0.0, 0.0, 0.9999999999999996, 0.0, 1.000000000000002, -0.0, -0.0, 2.999999999999993]
Função Objetivo: 32.5
Solution: [2.000000000000009, 4.0, 3.0, 3.0, 0.0, 5.0, 0.0, 0.0, 0.0, 0.0, 6.0, 4.999999999999991, 4.000000000000001]
Solution mochila: 84.0
Padrão novo: [1.0, 0.0, 0.0, 0.0, 0.0, 0.0, 1.0, 0.0, 0.0, 1.0]
Função Objetivo: 32.0
