Solution: [4.0, 7.0, 3.0, 0.5, 1.0, 2.333333333333333, 3.333333333333333, 0.75, 1.4000000000000001, 0.6000000000000001]
Solution mochila: 86.45
Padrão novo: [0.0, 1.0, 0.0, 0.0, 0.0, 0.0, 0.0, 1.0, 0.0, 1.0]
Função Objetivo: 23.9166666667
Solution: [4.0, 4.0, 3.0, 0.5, 1.0, 2.333333333333333, 3.333333333333333, 0.0, 1.4000000000000001, 0.0, 3.0]
Solution mochila: 86.1666666667
Padrão novo: [0.0, 0.0, 0.0, 0.0, 1.0, 2.0, 0.0, 0.0, 0.0, 0.0]
Função Objetivo: 22.5666666667
Solution: [4.0, 4.0, 3.0, 0.5, 0.0, 0.9999999999999998, 3.333333333333333, 0.0, 1.4000000000000001, 0.0, 3.0, 2.0]
Solution mochila: 86.0333333333
Padrão novo: [-0.0, -0.0, 0.9999999999999898, 0.0, 0.0, 0.0, 1.0, -0.0, 1.0000000000000135, -0.0]
Função Objetivo: 22.2333333333
Solution: [4.0, 4.0, 0.0, 0.5, 0.0, 0.9999999999999998, 1.3333333333333126, 0.0, 0.19999999999997153, 0.0, 3.0, 2.0, 6.000000000000061]
Solution mochila: 86.0
Padrão novo: [1.0, 0.0, 0.0, 0.0, 0.0, 0.0, 0.0, 0.0, 0.0, 2.0]
Função Objetivo: 22.0333333333
