Solution: [4.0, 10.0, 5.0, 3.0, 1.5, 0.5, 1.5, 1.5, 1.0, 1.25]
Solution mochila: 63.5
Padrão novo: [-0.0, 0.0, 1.0, -0.0, -0.0, -0.0, 1.0, 0.0, -0.0, -0.0]
Função Objetivo: 29.25
Solution: [4.0, 10.0, 2.0, 3.0, 1.5, 0.5, 0.0, 1.5, 1.0, 1.25, 3.0]
Solution mochila: 63.25
Padrão novo: [0.0, 0.0, 0.0, 0.0, 0.0, 1.0, 0.0, 1.0, 0.0, 2.0]
Função Objetivo: 27.75
Solution: [4.0, 10.0, 2.0, 3.0, 1.5, 0.0, 0.0, 1.0, 1.0, 1.0, 3.0, 1.0]
Solution mochila: 63.25
Padrão novo: [-0.0, 0.0, 0.0, -0.0, -0.0, 0.0, -0.0, -0.0, 2.9999999999999747, 2.0000000000000018]
Função Objetivo: 27.5
Solution: [4.0, 10.0, 2.0, 3.0, 1.5, 0.0, 0.0, 1.0, 0.0, 0.7499999999999977, 3.0, 1.0, 1.0000000000000084]
Solution mochila: 63.0
Padrão novo: [0.0, 0.0, 0.0, 0.0, 0.0, 1.0, 0.0, 1.0, 0.0, 2.0]
Função Objetivo: 27.25
