Solution: [1.0, 5.0, 1.0, 4.0, 3.5, 1.3333333333333333, 0.6666666666666666, 0.6666666666666666, 0.25, 1.4285714285714284]
Solution mochila: 94.3333333333
Padrão novo: [0.0, 0.0, 0.0, 0.0, 2.0, 0.0, 1.0, 0.0, 0.0, 0.0]
Função Objetivo: 18.8452380952
Solution: [1.0, 5.0, 1.0, 4.0, 1.5, 1.3333333333333333, 0.0, 0.6666666666666666, 0.25, 1.4285714285714284, 2.0]
Solution mochila: 94.1785714286
Padrão novo: [-0.0, -0.0, 0.0, 0.0, 1.0, -0.0, -0.0, 0.0, 1.0, 3.0]
Função Objetivo: 18.1785714286
Solution: [1.0, 5.0, 1.0, 4.0, 1.0, 1.3333333333333333, 0.0, 0.6666666666666666, 0.0, 0.9999999999999998, 2.0, 1.0]
Solution mochila: 94.0476190476
Padrão novo: [0.0, 0.0, 0.0, 0.0, 0.0, 0.0, 0.0, 1.0, 0.0, 5.0]
Função Objetivo: 18.0
Solution: [1.0, 5.0, 1.0, 4.0, 1.0, 1.3333333333333333, 0.0, 0.2, 0.0, 0.0, 2.0, 1.0, 1.4]
Solution mochila: 94.0
Padrão novo: [0.0, 0.0, 0.0, 0.0, 1.0, 0.0, 0.0, 0.0, 1.0, 3.0]
Função Objetivo: 17.9333333333
