Solution: [6.0, 7.0, 1.0, 4.5, 4.5, 3.5, 0.5, 0.6000000000000001, 1.4285714285714284, 0.1]
Solution mochila: 66.4928571429
Padrão novo: [-0.0, 0.0, 1.0, 0.0, 0.0, 0.0, 1.0, 0.0, 1.0, 1.0]
Função Objetivo: 29.1285714286
Solution: [6.0, 7.0, 0.0, 4.5, 4.5, 3.5, 0.25, 0.6000000000000001, 1.2857142857142856, 0.0, 1.0]
Solution mochila: 66.4
Padrão novo: [-0.0, 1.0000000000000002, -0.0, -0.0, 0.0, 0.0, 0.0, 1.9999999999999991, 0.0, -0.0]
Função Objetivo: 28.6357142857
Solution: [6.0, 5.499999999999999, 0.0, 4.5, 4.5, 3.5, 0.25, 0.0, 1.2857142857142856, 0.0, 1.0, 1.5000000000000007]
Solution mochila: 66.2857142857
Padrão novo: [0.0, 1.0, 0.0, 0.0, 0.0, 0.0, 0.0, 0.0, 2.0, 1.0]
Função Objetivo: 28.0357142857
Solution: [6.0, 0.0, 0.0, 4.5, 4.5, 3.5, 0.25, 0.0, 0.0, 0.0, 1.0, 2.499999999999999, 4.5]
Solution mochila: 66.25
Padrão novo: [0.0, -0.0, -0.0, 0.0, 1.0, 1.0, 0.9999999999999998, -0.0, -0.0, -0.0]
Função Objetivo: 26.75
Solution: [6.0, 0.4999999999999991, 1.0, 4.5, 3.5, 2.5, 0.0, 0.0, 0.0, 0.0, 0.0, 1.5000000000000007, 5.0, 2.0000000000000004]
Solution mochila: 66.0
Padrão novo: [-0.0, -0.0, 1.0, 0.0, 0.0, 0.0, 1.0, 0.0, 1.0, 1.0]
Função Objetivo: 26.5
