Solution: [6.0, 8.0, 1.0, 8.0, 7.0, 2.0, 2.0, 0.5, 1.25, 1.0]
Solution mochila: 74.5
Padrão novo: [0.0, 0.0, -0.0, 0.0, 1.0000000000000024, -0.0, 0.0, 0.0, 2.0, 0.0]
Função Objetivo: 36.75
Solution: [6.0, 8.0, 1.0, 8.0, 4.499999999999994, 2.0, 2.0, 0.5, 0.0, 1.0, 2.5]
Solution mochila: 74.4444444444
Padrão novo: [-0.0, -0.0, -0.0, 1.0000000000000016, 0.0, -0.0, 0.0, 0.0, -0.0, 4.000000000000004]
Função Objetivo: 35.5
Solution: [6.0, 8.0, 1.0, 5.749999999999999, 4.499999999999994, 2.0, 2.0, 0.5, 0.0, 0.0, 2.5, 2.2499999999999973]
Solution mochila: 74.0
Padrão novo: [0.0, 0.0, 0.0, 1.0, 0.0, 0.0, 0.0, 0.0, 0.0, 4.0]
Função Objetivo: 34.5
