Solution: [5.0, 4.0, 3.0, 2.5, 3.0, 3.5, 2.5, 2.0, 1.0, 0.6000000000000001]
Solution mochila: 93.3666666667
Padrão novo: [1.0, 0.0, 0.0, 0.0, 0.0, 0.0, 0.0, 0.0, 1.0, 2.0]
Função Objetivo: 27.1
Solution: [0.0, 4.0, 3.0, 2.5, 3.0, 3.5, 2.5, 2.0, 0.16666666666666674, 0.0, 5.0]
Solution mochila: 93.1666666667
Padrão novo: [0.0, 0.0, 0.0, 0.0, 0.0, 0.0, 1.0, 0.0, 4.0, 0.0]
Função Objetivo: 25.6666666667
Solution: [0.0, 4.0, 3.0, 2.5, 3.0, 3.5, 2.375, 2.0, 0.0, 0.0, 5.0, 0.25]
Solution mochila: 93.1666666667
Padrão novo: [0.0, 0.0, 1.0, 0.0, 0.0, 0.0, 0.0, 2.0, 0.0, 0.0]
Função Objetivo: 25.625
Solution: [0.0, 4.0, 1.5, 2.5, 3.0, 3.5, 2.375, 0.0, 0.0, 0.0, 5.0, 0.25, 3.0]
Solution mochila: 93.125
Padrão novo: [0.0, 1.0, 0.0, 0.0, 0.0, 0.0, 1.0, 0.0, 1.0, 0.0]
Função Objetivo: 25.125
Solution: [0.0, 1.5, 1.5, 2.5, 3.0, 3.5, 0.0, 0.0, 0.0, 0.0, 5.0, 0.0, 3.0, 5.0]
Solution mochila: 93.0
Padrão novo: [1.0, 0.0, 0.0, 0.0, 0.0, 0.0, 0.0, 0.0, 1.0, 2.0]
Função Objetivo: 25.0
