Função Objetivo: 87.0
Função Objetivo: 84.7
Função Objetivo: 78.4333333333
Função Objetivo: 73.9533333333
Função Objetivo: 73.7113978495
Função Objetivo: 71.6733333333
Função Objetivo: 68.76
Função Objetivo: 67.92
Função Objetivo: 66.8533333333

 Tempo Total: (2.07700514793396,)[array([[1.        , 0.        , 0.        , 0.        , 0.        ,
        0.        , 0.        , 0.        , 0.        , 0.        ,
        0.        , 0.        , 0.        , 0.        , 1.1627907 ,
        0.        , 1.1627907 ],
       [0.        , 1.        , 0.        , 0.        , 0.        ,
        0.        , 0.        , 0.        , 0.        , 0.        ,
        0.        , 0.        , 0.        , 1.18110236, 0.        ,
        0.        , 0.        ],
       [0.        , 0.        , 1.        , 0.        , 0.        ,
        0.        , 0.        , 0.        , 0.        , 0.        ,
        0.        , 0.24193548, 1.20967742, 0.        , 0.        ,
        0.        , 0.        ],
       [0.        , 0.        , 0.        , 1.        , 0.        ,
        0.        , 0.        , 0.        , 0.        , 0.        ,
        1.38888889, 0.        , 0.        , 0.        , 0.        ,
        0.        , 0.        ],
       [0.        , 0.        , 0.        , 0.        , 1.        ,
        0.        , 0.        , 0.        , 0.        , 1.45631068,
        0.        , 0.        , 0.        , 0.        , 0.        ,
        0.        , 0.        ],
       [0.        , 0.        , 0.        , 0.        , 0.        ,
        1.        , 0.        , 0.        , 1.85185185, 0.        ,
        0.        , 0.        , 0.        , 0.        , 0.        ,
        0.        , 0.        ],
       [0.        , 0.        , 0.        , 0.        , 0.        ,
        0.        , 2.        , 0.        , 0.        , 0.        ,
        0.        , 0.        , 0.        , 0.        , 0.        ,
        2.30769231, 0.        ],
       [0.        , 0.        , 0.        , 0.        , 0.        ,
        0.        , 0.        , 2.        , 0.        , 0.        ,
        0.        , 2.        , 0.        , 0.        , 0.        ,
        0.        , 0.        ]]), array([[0.        , 0.        , 0.        , 0.        , 0.        ,
        0.        , 0.        , 0.        , 0.        , 0.        ,
        0.        , 0.        , 0.        , 0.        , 0.7751938 ,
        0.        , 0.7751938 ],
       [0.        , 0.        , 0.        , 0.        , 0.        ,
        0.        , 0.        , 0.        , 0.        , 0.        ,
        0.        , 0.        , 0.        , 0.78740157, 0.        ,
        0.        , 0.        ],
       [0.        , 0.        , 0.        , 0.        , 0.        ,
        0.        , 0.        , 0.        , 0.        , 0.        ,
        0.        , 0.        , 0.80645161, 0.        , 0.        ,
        0.        , 0.        ],
       [0.        , 0.        , 0.        , 0.        , 0.        ,
        0.        , 0.        , 0.        , 0.        , 0.        ,
        0.92592593, 0.        , 0.        , 0.        , 0.        ,
        0.        , 0.        ],
       [0.        , 0.        , 0.        , 0.        , 0.        ,
        0.        , 0.        , 0.        , 0.        , 0.97087379,
        0.        , 0.        , 0.        , 0.        , 0.        ,
        0.        , 0.        ],
       [0.        , 0.        , 0.        , 0.        , 0.        ,
        1.        , 0.        , 0.        , 1.2345679 , 0.        ,
        0.        , 0.        , 0.        , 0.        , 0.        ,
        0.        , 0.        ],
       [0.        , 0.        , 0.        , 0.        , 0.        ,
        0.        , 1.        , 0.        , 0.        , 0.        ,
        0.        , 0.        , 0.        , 0.        , 0.        ,
        1.53846154, 0.        ],
       [0.        , 0.        , 0.        , 0.        , 0.        ,
        0.        , 0.        , 1.        , 0.        , 0.        ,
        0.        , 1.66666667, 0.        , 0.        , 0.        ,
        0.        , 0.        ]]), array([[0.        , 0.        , 0.        , 0.        , 0.        ,
        0.        , 0.        , 0.        , 0.        , 0.        ,
        0.        , 0.        , 0.        , 0.        , 0.50387597,
        0.        , 0.50387597],
       [0.        , 0.        , 0.        , 0.        , 0.        ,
        0.        , 0.        , 0.        , 0.        , 0.        ,
        0.        , 0.        , 0.        , 0.51181102, 0.        ,
        0.        , 0.        ],
       [0.        , 0.        , 0.        , 0.        , 0.        ,
        0.        , 0.        , 0.        , 0.        , 0.        ,
        0.        , 0.        , 0.52419355, 0.        , 0.        ,
        0.        , 0.        ],
       [0.        , 0.        , 0.        , 0.        , 0.        ,
        0.        , 0.        , 0.        , 0.        , 0.        ,
        0.60185185, 0.        , 0.        , 0.        , 0.        ,
        0.        , 0.        ],
       [0.        , 0.        , 0.        , 0.        , 0.        ,
        0.        , 0.        , 0.        , 0.        , 0.63106796,
        0.        , 0.        , 0.        , 0.        , 0.        ,
        0.        , 0.        ],
       [0.        , 0.        , 0.        , 0.        , 0.        ,
        0.        , 0.        , 0.        , 0.80246914, 0.        ,
        0.        , 0.        , 0.        , 0.        , 0.        ,
        0.        , 0.        ],
       [0.        , 0.        , 0.        , 0.        , 0.        ,
        0.        , 1.        , 0.        , 0.        , 0.        ,
        0.        , 0.        , 0.        , 0.        , 0.        ,
        1.        , 0.        ],
       [0.        , 0.        , 0.        , 0.        , 0.        ,
        0.        , 0.        , 1.        , 0.        , 0.        ,
        0.        , 1.08333333, 0.        , 0.        , 0.        ,
        0.        , 0.        ]])]