Função Objetivo: 61.0
Função Objetivo: 59.52
Função Objetivo: 58.6541463415
Função Objetivo: 54.5133333333
Função Objetivo: 52.1533333333
Função Objetivo: 47.1266666667
Função Objetivo: 43.02
Função Objetivo: 40.46
Função Objetivo: 38.78

 Tempo Total: (1.7995178699493408,)[array([[1.        , 0.        , 0.        , 0.        , 0.        ,
        0.        , 0.        , 0.        , 0.        , 0.        ,
        0.        , 0.        , 0.        , 0.        , 1.47058824,
        0.        , 1.47058824],
       [0.        , 1.        , 0.        , 0.        , 0.        ,
        0.        , 0.        , 0.        , 0.        , 0.        ,
        0.        , 0.        , 0.        , 1.59574468, 0.        ,
        0.        , 0.        ],
       [0.        , 0.        , 1.        , 0.        , 0.        ,
        0.        , 0.        , 0.        , 0.        , 0.        ,
        0.        , 0.        , 1.63043478, 0.        , 0.        ,
        0.        , 0.        ],
       [0.        , 0.        , 0.        , 1.        , 0.        ,
        0.        , 0.        , 0.        , 0.        , 0.        ,
        0.        , 1.64835165, 0.        , 0.        , 0.        ,
        0.        , 0.        ],
       [0.        , 0.        , 0.        , 0.        , 1.        ,
        0.        , 0.        , 0.        , 0.        , 0.86585366,
        1.82926829, 0.        , 0.        , 0.        , 0.        ,
        0.        , 0.        ],
       [0.        , 0.        , 0.        , 0.        , 0.        ,
        1.        , 0.        , 0.        , 0.        , 1.        ,
        0.        , 0.        , 0.        , 0.        , 0.        ,
        0.        , 0.        ],
       [0.        , 0.        , 0.        , 0.        , 0.        ,
        0.        , 1.        , 0.        , 1.97368421, 0.        ,
        0.        , 0.        , 0.        , 0.        , 0.        ,
        0.        , 0.        ],
       [0.        , 0.        , 0.        , 0.        , 0.        ,
        0.        , 0.        , 2.        , 0.        , 0.        ,
        0.        , 0.        , 0.        , 0.        , 0.        ,
        2.45901639, 0.        ]]), array([[0.        , 0.        , 0.        , 0.        , 0.        ,
        0.        , 0.        , 0.        , 0.        , 0.        ,
        0.        , 0.        , 0.        , 0.        , 0.98039216,
        0.        , 0.98039216],
       [0.        , 1.        , 0.        , 0.        , 0.        ,
        0.        , 0.        , 0.        , 0.        , 0.        ,
        0.        , 0.        , 0.        , 1.06382979, 0.        ,
        0.        , 0.        ],
       [0.        , 0.        , 1.        , 0.        , 0.        ,
        0.        , 0.        , 0.        , 0.        , 0.        ,
        0.        , 0.        , 1.08695652, 0.        , 0.        ,
        0.        , 0.        ],
       [0.        , 0.        , 0.        , 1.        , 0.        ,
        0.        , 0.        , 0.        , 0.        , 0.        ,
        0.        , 1.0989011 , 0.        , 0.        , 0.        ,
        0.        , 0.        ],
       [0.        , 0.        , 0.        , 0.        , 1.        ,
        0.        , 0.        , 0.        , 0.        , 0.25609756,
        1.2195122 , 0.        , 0.        , 0.        , 0.        ,
        0.        , 0.        ],
       [0.        , 0.        , 0.        , 0.        , 0.        ,
        1.        , 0.        , 0.        , 0.        , 1.        ,
        0.        , 0.        , 0.        , 0.        , 0.        ,
        0.        , 0.        ],
       [0.        , 0.        , 0.        , 0.        , 0.        ,
        0.        , 1.        , 0.        , 1.31578947, 0.        ,
        0.        , 0.        , 0.        , 0.        , 0.        ,
        0.        , 0.        ],
       [0.        , 0.        , 0.        , 0.        , 0.        ,
        0.        , 0.        , 1.        , 0.        , 0.        ,
        0.        , 0.        , 0.        , 0.        , 0.        ,
        1.63934426, 0.        ]]), array([[0.        , 0.        , 0.        , 0.        , 0.        ,
        0.        , 0.        , 0.        , 0.        , 0.        ,
        0.        , 0.        , 0.        , 0.        , 0.6372549 ,
        0.        , 0.6372549 ],
       [0.        , 0.        , 0.        , 0.        , 0.        ,
        0.        , 0.        , 0.        , 0.        , 0.        ,
        0.        , 0.        , 0.        , 0.69148936, 0.        ,
        0.        , 0.        ],
       [0.        , 0.        , 0.        , 0.        , 0.        ,
        0.        , 0.        , 0.        , 0.        , 0.        ,
        0.        , 0.        , 0.70652174, 0.        , 0.        ,
        0.        , 0.        ],
       [0.        , 0.        , 0.        , 0.        , 0.        ,
        0.        , 0.        , 0.        , 0.        , 0.        ,
        0.        , 0.71428571, 0.        , 0.        , 0.        ,
        0.        , 0.        ],
       [0.        , 0.        , 0.        , 0.        , 0.        ,
        0.        , 0.        , 0.        , 0.        , 0.        ,
        0.79268293, 0.        , 0.        , 0.        , 0.        ,
        0.        , 0.        ],
       [0.        , 0.        , 0.        , 0.        , 0.        ,
        0.        , 0.        , 0.        , 0.        , 0.82278481,
        0.        , 0.        , 0.        , 0.        , 0.        ,
        0.        , 0.        ],
       [0.        , 0.        , 0.        , 0.        , 0.        ,
        0.        , 0.        , 0.        , 0.85526316, 0.        ,
        0.        , 0.        , 0.        , 0.        , 0.        ,
        0.        , 0.        ],
       [0.        , 0.        , 0.        , 0.        , 0.        ,
        0.        , 0.        , 1.        , 0.        , 0.        ,
        0.        , 0.        , 0.        , 0.        , 0.        ,
        1.06557377, 0.        ]])]