Função Objetivo: 59.5
Função Objetivo: 49.7666666667
Função Objetivo: 44.0333333333
Função Objetivo: 43.8564102564
Função Objetivo: 43.08
Função Objetivo: 42.88
Função Objetivo: 42.8462162162
Função Objetivo: 42.7266666667

 Tempo Total: (1.7103347778320312,)[array([[1.        , 0.        , 0.        , 0.        , 0.        ,
        0.        , 0.        , 0.        , 0.        , 0.        ,
        0.        , 0.        , 0.        , 0.        , 0.        ,
        0.        ],
       [0.        , 1.        , 0.        , 0.        , 0.        ,
        0.        , 0.        , 0.        , 0.        , 1.40186916,
        0.        , 0.        , 0.        , 0.        , 0.        ,
        0.        ],
       [0.        , 0.        , 1.        , 0.        , 0.        ,
        0.        , 0.        , 0.        , 1.94805195, 0.        ,
        0.        , 0.        , 0.        , 0.        , 0.        ,
        1.94805195],
       [0.        , 0.        , 0.        , 2.        , 0.        ,
        0.        , 0.        , 0.        , 0.        , 0.        ,
        0.        , 0.        , 0.        , 1.06756757, 2.02702703,
        0.        ],
       [0.        , 0.        , 0.        , 0.        , 2.        ,
        0.        , 0.        , 0.        , 0.        , 0.        ,
        0.        , 0.        , 0.        , 1.        , 0.        ,
        0.        ],
       [0.        , 0.        , 0.        , 0.        , 0.        ,
        2.        , 0.        , 0.        , 0.        , 0.        ,
        0.        , 0.        , 2.17391304, 0.        , 0.        ,
        0.        ],
       [0.        , 0.        , 0.        , 0.        , 0.        ,
        0.        , 2.        , 0.        , 0.        , 0.        ,
        1.35384615, 2.30769231, 0.        , 0.        , 0.        ,
        0.        ],
       [0.        , 0.        , 0.        , 0.        , 0.        ,
        0.        , 0.        , 2.        , 0.        , 0.        ,
        1.        , 0.        , 0.        , 0.        , 0.        ,
        0.        ]]), array([[0.        , 0.        , 0.        , 0.        , 0.        ,
        0.        , 0.        , 0.        , 0.        , 0.        ,
        0.        , 0.        , 0.        , 0.        , 0.        ,
        0.        ],
       [0.        , 0.        , 0.        , 0.        , 0.        ,
        0.        , 0.        , 0.        , 0.        , 0.93457944,
        0.        , 0.        , 0.        , 0.        , 0.        ,
        0.        ],
       [0.        , 0.        , 1.        , 0.        , 0.        ,
        0.        , 0.        , 0.        , 1.2987013 , 0.        ,
        0.        , 0.        , 0.        , 0.        , 0.        ,
        1.2987013 ],
       [0.        , 0.        , 0.        , 1.        , 0.        ,
        0.        , 0.        , 0.        , 0.        , 0.        ,
        0.        , 0.        , 0.        , 0.39189189, 1.35135135,
        0.        ],
       [0.        , 0.        , 0.        , 0.        , 1.        ,
        0.        , 0.        , 0.        , 0.        , 0.        ,
        0.        , 0.        , 0.        , 1.        , 0.        ,
        0.        ],
       [0.        , 0.        , 0.        , 0.        , 0.        ,
        1.        , 0.        , 0.        , 0.        , 0.        ,
        0.        , 0.        , 1.44927536, 0.        , 0.        ,
        0.        ],
       [0.        , 0.        , 0.        , 0.        , 0.        ,
        0.        , 1.        , 0.        , 0.        , 0.        ,
        0.58461538, 1.53846154, 0.        , 0.        , 0.        ,
        0.        ],
       [0.        , 0.        , 0.        , 0.        , 0.        ,
        0.        , 0.        , 1.        , 0.        , 0.        ,
        1.        , 0.        , 0.        , 0.        , 0.        ,
        0.        ]]), array([[0.        , 0.        , 0.        , 0.        , 0.        ,
        0.        , 0.        , 0.        , 0.        , 0.        ,
        0.        , 0.        , 0.        , 0.        , 0.        ,
        0.        ],
       [0.        , 0.        , 0.        , 0.        , 0.        ,
        0.        , 0.        , 0.        , 0.        , 0.60747664,
        0.        , 0.        , 0.        , 0.        , 0.        ,
        0.        ],
       [0.        , 0.        , 0.        , 0.        , 0.        ,
        0.        , 0.        , 0.        , 0.84415584, 0.        ,
        0.        , 0.        , 0.        , 0.        , 0.        ,
        0.84415584],
       [0.        , 0.        , 0.        , 0.        , 0.        ,
        0.        , 0.        , 0.        , 0.        , 0.        ,
        0.        , 0.        , 0.        , 0.        , 0.87837838,
        0.        ],
       [0.        , 0.        , 0.        , 0.        , 0.        ,
        0.        , 0.        , 0.        , 0.        , 0.        ,
        0.        , 0.        , 0.        , 0.91549296, 0.        ,
        0.        ],
       [0.        , 0.        , 0.        , 0.        , 0.        ,
        0.        , 0.        , 0.        , 0.        , 0.        ,
        0.        , 0.        , 0.94202899, 0.        , 0.        ,
        0.        ],
       [0.        , 0.        , 0.        , 0.        , 0.        ,
        0.        , 1.        , 0.        , 0.        , 0.        ,
        0.04615385, 1.        , 0.        , 0.        , 0.        ,
        0.        ],
       [0.        , 0.        , 0.        , 0.        , 0.        ,
        0.        , 0.        , 1.        , 0.        , 0.        ,
        1.        , 0.        , 0.        , 0.        , 0.        ,
        0.        ]])]