Função Objetivo: 81.0
Função Objetivo: 74.6533333333
Função Objetivo: 72.52
Função Objetivo: 68.0466666667
Função Objetivo: 63.6266666667
Função Objetivo: 62.5866666667
Função Objetivo: 62.3851162791
Função Objetivo: 59.7533333333
Função Objetivo: 58.3533333333

 Tempo Total: (1.3378071784973145,)[array([[1.        , 0.        , 0.        , 0.        , 0.        ,
        0.        , 0.        , 0.        , 0.        , 0.        ,
        0.        , 0.        , 0.        , 0.        , 0.        ,
        1.11111111, 1.11111111],
       [0.        , 1.        , 0.        , 0.        , 0.        ,
        0.        , 0.        , 0.        , 0.        , 0.        ,
        0.        , 0.        , 0.        , 0.20155039, 1.1627907 ,
        0.        , 0.        ],
       [0.        , 0.        , 1.        , 0.        , 0.        ,
        0.        , 0.        , 0.        , 0.        , 0.        ,
        0.        , 0.        , 1.35135135, 0.        , 0.        ,
        0.        , 0.        ],
       [0.        , 0.        , 0.        , 1.        , 0.        ,
        0.        , 0.        , 0.        , 0.        , 0.        ,
        0.        , 1.51515152, 0.        , 0.        , 0.        ,
        0.        , 0.        ],
       [0.        , 0.        , 0.        , 0.        , 1.        ,
        0.        , 0.        , 0.        , 0.        , 0.        ,
        1.68539326, 0.        , 0.        , 0.        , 0.        ,
        0.        , 0.        ],
       [0.        , 0.        , 0.        , 0.        , 0.        ,
        1.        , 0.        , 0.        , 0.        , 1.74418605,
        0.        , 0.        , 0.        , 0.        , 0.        ,
        0.        , 0.        ],
       [0.        , 0.        , 0.        , 0.        , 0.        ,
        0.        , 1.        , 0.        , 1.82926829, 0.        ,
        0.        , 0.        , 0.        , 0.        , 0.        ,
        0.        , 0.        ],
       [0.        , 0.        , 0.        , 0.        , 0.        ,
        0.        , 0.        , 2.        , 0.        , 0.        ,
        0.        , 0.        , 0.        , 2.        , 0.        ,
        0.        , 0.        ]]), array([[0.        , 0.        , 0.        , 0.        , 0.        ,
        0.        , 0.        , 0.        , 0.        , 0.        ,
        0.        , 0.        , 0.        , 0.        , 0.        ,
        0.74074074, 0.74074074],
       [0.        , 0.        , 0.        , 0.        , 0.        ,
        0.        , 0.        , 0.        , 0.        , 0.        ,
        0.        , 0.        , 0.        , 0.        , 0.7751938 ,
        0.        , 0.        ],
       [0.        , 0.        , 0.        , 0.        , 0.        ,
        0.        , 0.        , 0.        , 0.        , 0.        ,
        0.        , 0.        , 0.9009009 , 0.        , 0.        ,
        0.        , 0.        ],
       [0.        , 0.        , 0.        , 1.        , 0.        ,
        0.        , 0.        , 0.        , 0.        , 0.        ,
        0.        , 1.01010101, 0.        , 0.        , 0.        ,
        0.        , 0.        ],
       [0.        , 0.        , 0.        , 0.        , 1.        ,
        0.        , 0.        , 0.        , 0.        , 0.        ,
        1.12359551, 0.        , 0.        , 0.        , 0.        ,
        0.        , 0.        ],
       [0.        , 0.        , 0.        , 0.        , 0.        ,
        1.        , 0.        , 0.        , 0.        , 1.1627907 ,
        0.        , 0.        , 0.        , 0.        , 0.        ,
        0.        , 0.        ],
       [0.        , 0.        , 0.        , 0.        , 0.        ,
        0.        , 1.        , 0.        , 1.2195122 , 0.        ,
        0.        , 0.        , 0.        , 0.        , 0.        ,
        0.        , 0.        ],
       [0.        , 0.        , 0.        , 0.        , 0.        ,
        0.        , 0.        , 1.        , 0.        , 0.        ,
        0.        , 0.        , 0.        , 1.61290323, 0.        ,
        0.        , 0.        ]]), array([[0.        , 0.        , 0.        , 0.        , 0.        ,
        0.        , 0.        , 0.        , 0.        , 0.        ,
        0.        , 0.        , 0.        , 0.        , 0.        ,
        0.48148148, 0.48148148],
       [0.        , 0.        , 0.        , 0.        , 0.        ,
        0.        , 0.        , 0.        , 0.        , 0.        ,
        0.        , 0.        , 0.        , 0.        , 0.50387597,
        0.        , 0.        ],
       [0.        , 0.        , 0.        , 0.        , 0.        ,
        0.        , 0.        , 0.        , 0.        , 0.        ,
        0.        , 0.        , 0.58558559, 0.        , 0.        ,
        0.        , 0.        ],
       [0.        , 0.        , 0.        , 0.        , 0.        ,
        0.        , 0.        , 0.        , 0.        , 0.        ,
        0.        , 0.65656566, 0.        , 0.        , 0.        ,
        0.        , 0.        ],
       [0.        , 0.        , 0.        , 0.        , 0.        ,
        0.        , 0.        , 0.        , 0.        , 0.        ,
        0.73033708, 0.        , 0.        , 0.        , 0.        ,
        0.        , 0.        ],
       [0.        , 0.        , 0.        , 0.        , 0.        ,
        0.        , 0.        , 0.        , 0.        , 0.75581395,
        0.        , 0.        , 0.        , 0.        , 0.        ,
        0.        , 0.        ],
       [0.        , 0.        , 0.        , 0.        , 0.        ,
        0.        , 0.        , 0.        , 0.79268293, 0.        ,
        0.        , 0.        , 0.        , 0.        , 0.        ,
        0.        , 0.        ],
       [0.        , 0.        , 0.        , 0.        , 0.        ,
        0.        , 0.        , 1.        , 0.        , 0.        ,
        0.        , 0.        , 0.        , 1.0483871 , 0.        ,
        0.        , 0.        ]])]