Função Objetivo: 62.0
Função Objetivo: 58.46
Função Objetivo: 54.86
Função Objetivo: 48.7266666667
Função Objetivo: 47.36
Função Objetivo: 45.14
Função Objetivo: 44.4733333333
Função Objetivo: 44.1733333333
Função Objetivo: 44.0733333333

 Tempo Total: (0.9639749526977539,)[array([[1.        , 0.        , 0.        , 0.        , 0.        ,
        0.        , 0.        , 0.        , 0.        , 0.        ,
        0.        , 0.        , 0.        , 1.15384615, 0.        ,
        0.        , 0.        ],
       [0.        , 1.        , 0.        , 0.        , 0.        ,
        0.        , 0.        , 0.        , 0.        , 0.        ,
        0.        , 0.        , 1.32743363, 0.        , 0.        ,
        0.        , 1.32743363],
       [0.        , 0.        , 1.        , 0.        , 0.        ,
        0.        , 0.        , 0.        , 0.        , 0.        ,
        0.        , 1.37614679, 0.        , 0.        , 0.        ,
        0.        , 0.        ],
       [0.        , 0.        , 0.        , 1.        , 0.        ,
        0.        , 0.        , 0.        , 0.        , 0.        ,
        1.44230769, 0.        , 0.        , 0.        , 0.        ,
        0.        , 0.        ],
       [0.        , 0.        , 0.        , 0.        , 1.        ,
        0.        , 0.        , 0.        , 0.        , 1.5625    ,
        0.        , 0.        , 0.        , 0.        , 0.        ,
        0.        , 0.        ],
       [0.        , 0.        , 0.        , 0.        , 0.        ,
        1.        , 0.        , 0.        , 1.64835165, 0.        ,
        0.        , 0.        , 0.        , 0.        , 0.        ,
        0.        , 0.        ],
       [0.        , 0.        , 0.        , 0.        , 0.        ,
        0.        , 2.        , 0.        , 0.        , 0.        ,
        0.        , 0.        , 0.        , 0.        , 0.        ,
        2.14285714, 0.        ],
       [0.        , 0.        , 0.        , 0.        , 0.        ,
        0.        , 0.        , 2.        , 0.        , 0.        ,
        0.        , 0.        , 0.        , 0.        , 2.27272727,
        0.        , 0.        ]]), array([[0.        , 0.        , 0.        , 0.        , 0.        ,
        0.        , 0.        , 0.        , 0.        , 0.        ,
        0.        , 0.        , 0.        , 0.76923077, 0.        ,
        0.        , 0.        ],
       [0.        , 0.        , 0.        , 0.        , 0.        ,
        0.        , 0.        , 0.        , 0.        , 0.        ,
        0.        , 0.        , 0.88495575, 0.        , 0.        ,
        0.        , 0.88495575],
       [0.        , 0.        , 0.        , 0.        , 0.        ,
        0.        , 0.        , 0.        , 0.        , 0.        ,
        0.        , 0.91743119, 0.        , 0.        , 0.        ,
        0.        , 0.        ],
       [0.        , 0.        , 0.        , 0.        , 0.        ,
        0.        , 0.        , 0.        , 0.        , 0.        ,
        0.96153846, 0.        , 0.        , 0.        , 0.        ,
        0.        , 0.        ],
       [0.        , 0.        , 0.        , 0.        , 1.        ,
        0.        , 0.        , 0.        , 0.        , 1.04166667,
        0.        , 0.        , 0.        , 0.        , 0.        ,
        0.        , 0.        ],
       [0.        , 0.        , 0.        , 0.        , 0.        ,
        1.        , 0.        , 0.        , 1.0989011 , 0.        ,
        0.        , 0.        , 0.        , 0.        , 0.        ,
        0.        , 0.        ],
       [0.        , 0.        , 0.        , 0.        , 0.        ,
        0.        , 1.        , 0.        , 0.        , 0.        ,
        0.        , 0.        , 0.        , 0.        , 0.        ,
        1.42857143, 0.        ],
       [0.        , 0.        , 0.        , 0.        , 0.        ,
        0.        , 0.        , 1.        , 0.        , 0.        ,
        0.        , 0.        , 0.        , 0.        , 1.51515152,
        0.        , 0.        ]]), array([[0.        , 0.        , 0.        , 0.        , 0.        ,
        0.        , 0.        , 0.        , 0.        , 0.        ,
        0.        , 0.        , 0.        , 0.5       , 0.        ,
        0.        , 0.        ],
       [0.        , 0.        , 0.        , 0.        , 0.        ,
        0.        , 0.        , 0.        , 0.        , 0.        ,
        0.        , 0.        , 0.57522124, 0.        , 0.        ,
        0.        , 0.57522124],
       [0.        , 0.        , 0.        , 0.        , 0.        ,
        0.        , 0.        , 0.        , 0.        , 0.        ,
        0.        , 0.59633028, 0.        , 0.        , 0.        ,
        0.        , 0.        ],
       [0.        , 0.        , 0.        , 0.        , 0.        ,
        0.        , 0.        , 0.        , 0.        , 0.        ,
        0.625     , 0.        , 0.        , 0.        , 0.        ,
        0.        , 0.        ],
       [0.        , 0.        , 0.        , 0.        , 0.        ,
        0.        , 0.        , 0.        , 0.        , 0.67708333,
        0.        , 0.        , 0.        , 0.        , 0.        ,
        0.        , 0.        ],
       [0.        , 0.        , 0.        , 0.        , 0.        ,
        0.        , 0.        , 0.        , 0.71428571, 0.        ,
        0.        , 0.        , 0.        , 0.        , 0.        ,
        0.        , 0.        ],
       [0.        , 0.        , 0.        , 0.        , 0.        ,
        0.        , 0.        , 0.        , 0.        , 0.        ,
        0.        , 0.        , 0.        , 0.        , 0.        ,
        0.92857143, 0.        ],
       [0.        , 0.        , 0.        , 0.        , 0.        ,
        0.        , 0.        , 0.        , 0.        , 0.        ,
        0.        , 0.        , 0.        , 0.        , 0.98484848,
        0.        , 0.        ]])]