Função Objetivo: 54.0
Função Objetivo: 50.2133333333
Função Objetivo: 44.1333333333
Função Objetivo: 42.7333333333
Função Objetivo: 41.4666666667
Função Objetivo: 39.5466666667
Função Objetivo: 39.4199061033
Função Objetivo: 38.8933333333

 Tempo Total: (1.1490039825439453,)[array([[1.        , 0.        , 0.        , 0.        , 0.        ,
        0.        , 0.        , 0.        , 0.        , 0.        ,
        0.        , 0.        , 1.        , 0.        , 0.        ],
       [0.        , 1.        , 0.        , 0.        , 0.        ,
        0.        , 0.        , 0.        , 0.        , 0.        ,
        0.        , 1.27118644, 0.        , 0.        , 0.        ],
       [0.        , 0.        , 1.        , 0.        , 0.        ,
        0.        , 0.        , 0.        , 0.        , 0.        ,
        1.33928571, 0.        , 0.        , 0.        , 0.        ],
       [0.        , 0.        , 0.        , 1.        , 0.        ,
        0.        , 0.        , 0.        , 0.        , 1.38888889,
        0.        , 0.        , 0.        , 0.        , 1.38888889],
       [0.        , 0.        , 0.        , 0.        , 1.        ,
        0.        , 0.        , 0.        , 1.61290323, 0.        ,
        0.        , 0.        , 0.        , 0.        , 0.        ],
       [0.        , 0.        , 0.        , 0.        , 0.        ,
        1.        , 0.        , 1.89873418, 0.        , 0.        ,
        0.        , 0.        , 0.        , 0.        , 0.        ],
       [0.        , 0.        , 0.        , 0.        , 0.        ,
        0.        , 2.        , 0.        , 0.        , 0.        ,
        0.        , 0.        , 0.25352113, 2.11267606, 0.        ]]), array([[0.        , 0.        , 0.        , 0.        , 0.        ,
        0.        , 0.        , 0.        , 0.        , 0.        ,
        0.        , 0.        , 0.75757576, 0.        , 0.        ],
       [0.        , 0.        , 0.        , 0.        , 0.        ,
        0.        , 0.        , 0.        , 0.        , 0.        ,
        0.        , 0.84745763, 0.        , 0.        , 0.        ],
       [0.        , 0.        , 0.        , 0.        , 0.        ,
        0.        , 0.        , 0.        , 0.        , 0.        ,
        0.89285714, 0.        , 0.        , 0.        , 0.        ],
       [0.        , 0.        , 0.        , 0.        , 0.        ,
        0.        , 0.        , 0.        , 0.        , 0.92592593,
        0.        , 0.        , 0.        , 0.        , 0.92592593],
       [0.        , 0.        , 0.        , 0.        , 1.        ,
        0.        , 0.        , 0.        , 1.07526882, 0.        ,
        0.        , 0.        , 0.        , 0.        , 0.        ],
       [0.        , 0.        , 0.        , 0.        , 0.        ,
        1.        , 0.        , 1.26582278, 0.        , 0.        ,
        0.        , 0.        , 0.        , 0.        , 0.        ],
       [0.        , 0.        , 0.        , 0.        , 0.        ,
        0.        , 1.        , 0.        , 0.        , 0.        ,
        0.        , 0.        , 0.        , 1.4084507 , 0.        ]]), array([[0.        , 0.        , 0.        , 0.        , 0.        ,
        0.        , 0.        , 0.        , 0.        , 0.        ,
        0.        , 0.        , 0.49242424, 0.        , 0.        ],
       [0.        , 0.        , 0.        , 0.        , 0.        ,
        0.        , 0.        , 0.        , 0.        , 0.        ,
        0.        , 0.55084746, 0.        , 0.        , 0.        ],
       [0.        , 0.        , 0.        , 0.        , 0.        ,
        0.        , 0.        , 0.        , 0.        , 0.        ,
        0.58035714, 0.        , 0.        , 0.        , 0.        ],
       [0.        , 0.        , 0.        , 0.        , 0.        ,
        0.        , 0.        , 0.        , 0.        , 0.60185185,
        0.        , 0.        , 0.        , 0.        , 0.60185185],
       [0.        , 0.        , 0.        , 0.        , 0.        ,
        0.        , 0.        , 0.        , 0.69892473, 0.        ,
        0.        , 0.        , 0.        , 0.        , 0.        ],
       [0.        , 0.        , 0.        , 0.        , 0.        ,
        0.        , 0.        , 0.82278481, 0.        , 0.        ,
        0.        , 0.        , 0.        , 0.        , 0.        ],
       [0.        , 0.        , 0.        , 0.        , 0.        ,
        0.        , 0.        , 0.        , 0.        , 0.        ,
        0.        , 0.        , 0.        , 0.91549296, 0.        ]])]