Função Objetivo: 16.45
Função Objetivo: 15.57
Função Objetivo: 15.3833333333
Função Objetivo: 14.8733333333
Função Objetivo: 14.6466666667
Função Objetivo: 14.4333333333
Função Objetivo: 14.3

 Tempo Total: (1.7941298484802246,)[array([[3.        , 0.        , 0.        , 0.        , 0.        ,
        0.        , 0.        , 3.48837209, 0.        , 0.        ,
        0.        , 0.        , 3.48837209],
       [0.        , 3.        , 0.        , 0.        , 0.        ,
        0.        , 3.94736842, 0.        , 0.        , 0.        ,
        0.        , 0.        , 0.        ],
       [0.        , 0.        , 4.        , 0.        , 0.        ,
        0.        , 0.        , 0.        , 4.54545455, 0.        ,
        0.        , 0.        , 0.        ],
       [0.        , 0.        , 0.        , 5.        , 0.        ,
        0.        , 0.        , 0.        , 0.        , 0.        ,
        5.35714286, 0.        , 0.        ],
       [0.        , 0.        , 0.        , 0.        , 7.        ,
        0.        , 0.        , 0.        , 0.        , 0.        ,
        0.        , 7.5       , 0.        ],
       [0.        , 0.        , 0.        , 0.        , 0.        ,
        7.        , 0.        , 0.        , 0.        , 7.89473684,
        0.        , 0.        , 0.        ]]), array([[2.        , 0.        , 0.        , 0.        , 0.        ,
        0.        , 0.        , 2.3255814 , 0.        , 0.        ,
        0.        , 0.        , 2.3255814 ],
       [0.        , 2.        , 0.        , 0.        , 0.        ,
        0.        , 2.63157895, 0.        , 0.        , 0.        ,
        0.        , 0.        , 0.        ],
       [0.        , 0.        , 3.        , 0.        , 0.        ,
        0.        , 0.        , 0.        , 3.03030303, 0.        ,
        0.        , 0.        , 0.        ],
       [0.        , 0.        , 0.        , 3.        , 0.        ,
        0.        , 0.        , 0.        , 0.        , 0.        ,
        3.57142857, 0.        , 0.        ],
       [0.        , 0.        , 0.        , 0.        , 5.        ,
        0.        , 0.        , 0.        , 0.        , 0.        ,
        0.        , 5.        , 0.        ],
       [0.        , 0.        , 0.        , 0.        , 0.        ,
        5.        , 0.        , 0.        , 0.        , 5.26315789,
        0.        , 0.        , 0.        ]]), array([[1.        , 0.        , 0.        , 0.        , 0.        ,
        0.        , 0.        , 1.51162791, 0.        , 0.        ,
        0.        , 0.        , 1.51162791],
       [0.        , 1.        , 0.        , 0.        , 0.        ,
        0.        , 1.71052632, 0.        , 0.        , 0.        ,
        0.        , 0.        , 0.        ],
       [0.        , 0.        , 1.        , 0.        , 0.        ,
        0.        , 0.        , 0.        , 1.96969697, 0.        ,
        0.        , 0.        , 0.        ],
       [0.        , 0.        , 0.        , 2.        , 0.        ,
        0.        , 0.        , 0.        , 0.        , 0.        ,
        2.32142857, 0.        , 0.        ],
       [0.        , 0.        , 0.        , 0.        , 3.        ,
        0.        , 0.        , 0.        , 0.        , 0.        ,
        0.        , 3.25      , 0.        ],
       [0.        , 0.        , 0.        , 0.        , 0.        ,
        3.        , 0.        , 0.        , 0.        , 3.42105263,
        0.        , 0.        , 0.        ]])]