Função Objetivo: 16.3277777778
Função Objetivo: 15.0611111111
Função Objetivo: 14.3677777778
Função Objetivo: 14.2611111111
Função Objetivo: 14.1972222222
Função Objetivo: 14.0977777778
Função Objetivo: 14.0533333333

 Tempo Total: (0.7709400653839111,)[array([[3.        , 0.        , 0.        , 0.        , 0.        ,
        0.        , 3.75      , 0.        , 0.        , 0.        ,
        0.        , 0.        , 3.75      ],
       [0.        , 4.        , 0.        , 0.        , 0.        ,
        0.        , 0.        , 0.        , 0.        , 1.05555556,
        4.16666667, 0.        , 0.        ],
       [0.        , 0.        , 4.        , 0.        , 0.        ,
        0.        , 0.        , 4.83870968, 0.        , 0.        ,
        0.        , 0.        , 0.        ],
       [0.        , 0.        , 0.        , 5.        , 0.        ,
        0.        , 0.        , 0.        , 0.        , 4.        ,
        0.        , 0.        , 0.        ],
       [0.        , 0.        , 0.        , 0.        , 6.        ,
        0.        , 0.        , 0.        , 6.52173913, 0.        ,
        0.        , 0.        , 0.        ],
       [0.        , 0.        , 0.        , 0.        , 0.        ,
        9.        , 0.        , 0.        , 0.        , 0.        ,
        0.        , 9.375     , 0.        ]]), array([[2.        , 0.        , 0.        , 0.        , 0.        ,
        0.        , 2.5       , 0.        , 0.        , 0.        ,
        0.        , 0.        , 2.5       ],
       [0.        , 2.        , 0.        , 0.        , 0.        ,
        0.        , 0.        , 0.        , 0.        , 0.        ,
        2.77777778, 0.        , 0.        ],
       [0.        , 0.        , 3.        , 0.        , 0.        ,
        0.        , 0.        , 3.22580645, 0.        , 0.        ,
        0.        , 0.        , 0.        ],
       [0.        , 0.        , 0.        , 3.        , 0.        ,
        0.        , 0.        , 0.        , 0.        , 3.57142857,
        0.        , 0.        , 0.        ],
       [0.        , 0.        , 0.        , 0.        , 4.        ,
        0.        , 0.        , 0.        , 4.34782609, 0.        ,
        0.        , 0.        , 0.        ],
       [0.        , 0.        , 0.        , 0.        , 0.        ,
        6.        , 0.        , 0.        , 0.        , 0.        ,
        0.        , 6.25      , 0.        ]]), array([[1.        , 0.        , 0.        , 0.        , 0.        ,
        0.        , 1.625     , 0.        , 0.        , 0.        ,
        0.        , 0.        , 1.625     ],
       [0.        , 1.        , 0.        , 0.        , 0.        ,
        0.        , 0.        , 0.        , 0.        , 0.        ,
        1.80555556, 0.        , 0.        ],
       [0.        , 0.        , 2.        , 0.        , 0.        ,
        0.        , 0.        , 2.09677419, 0.        , 0.        ,
        0.        , 0.        , 0.        ],
       [0.        , 0.        , 0.        , 2.        , 0.        ,
        0.        , 0.        , 0.        , 0.        , 2.32142857,
        0.        , 0.        , 0.        ],
       [0.        , 0.        , 0.        , 0.        , 2.        ,
        0.        , 0.        , 0.        , 2.82608696, 0.        ,
        0.        , 0.        , 0.        ],
       [0.        , 0.        , 0.        , 0.        , 0.        ,
        4.        , 0.        , 0.        , 0.        , 0.        ,
        0.        , 4.0625    , 0.        ]])]