Função Objetivo: 17.230952381
Função Objetivo: 15.910952381
Função Objetivo: 15.7148739496
Função Objetivo: 15.7148739496
Função Objetivo: 15.6119327731
Função Objetivo: 15.3442857143
Função Objetivo: 15.2827777778
Função Objetivo: 15.2066666667
Função Objetivo: 15.1466666667
Função Objetivo: 15.0933333333

 Tempo Total: (1.824505090713501,)[array([[3.        , 0.        , 0.        , 0.        , 0.        ,
        0.        , 0.        , 0.        , 3.84615385, 0.        ,
        0.        , 0.        , 0.        , 0.        , 0.        ,
        0.        , 0.        , 0.        ],
       [0.        , 4.        , 0.        , 0.        , 0.        ,
        0.        , 0.        , 0.        , 0.        , 0.        ,
        0.        , 0.        , 0.        , 1.38888889, 4.16666667,
        0.        , 0.        , 0.        ],
       [0.        , 0.        , 4.        , 0.        , 0.        ,
        0.        , 0.        , 0.        , 0.        , 0.11764706,
        0.76470588, 3.76470588, 4.41176471, 0.        , 0.        ,
        0.        , 0.        , 0.        ],
       [0.        , 0.        , 0.        , 4.        , 0.        ,
        0.        , 0.        , 0.        , 0.        , 4.        ,
        4.        , 0.        , 0.        , 0.        , 0.        ,
        0.        , 0.        , 4.        ],
       [0.        , 0.        , 0.        , 0.        , 5.        ,
        0.        , 0.        , 0.        , 0.        , 0.        ,
        0.        , 0.        , 0.        , 0.        , 0.        ,
        0.        , 5.17241379, 0.89655172],
       [0.        , 0.        , 0.        , 0.        , 0.        ,
        6.        , 0.        , 0.        , 0.        , 0.        ,
        0.        , 0.        , 0.        , 0.        , 0.        ,
        6.25      , 0.        , 0.        ],
       [0.        , 0.        , 0.        , 0.        , 0.        ,
        0.        , 6.        , 0.        , 0.        , 1.        ,
        0.        , 1.        , 0.        , 0.        , 0.        ,
        0.        , 0.        , 0.        ],
       [0.        , 0.        , 0.        , 0.        , 0.        ,
        0.        , 0.        , 7.        , 0.        , 0.        ,
        0.        , 0.        , 0.        , 5.        , 0.        ,
        0.        , 0.        , 0.        ]]), array([[2.        , 0.        , 0.        , 0.        , 0.        ,
        0.        , 0.        , 0.        , 2.56410256, 0.        ,
        0.        , 0.        , 0.        , 0.        , 0.        ,
        0.        , 0.        , 0.        ],
       [0.        , 2.        , 0.        , 0.        , 0.        ,
        0.        , 0.        , 0.        , 0.        , 0.        ,
        0.        , 0.        , 0.        , 0.        , 2.77777778,
        0.        , 0.        , 0.        ],
       [0.        , 0.        , 2.        , 0.        , 0.        ,
        0.        , 0.        , 0.        , 0.        , 0.        ,
        0.        , 2.29411765, 2.94117647, 0.        , 0.        ,
        0.        , 0.        , 0.        ],
       [0.        , 0.        , 0.        , 3.        , 0.        ,
        0.        , 0.        , 0.        , 0.        , 3.22580645,
        3.22580645, 0.        , 0.        , 0.        , 0.        ,
        0.        , 0.        , 3.22580645],
       [0.        , 0.        , 0.        , 0.        , 3.        ,
        0.        , 0.        , 0.        , 0.        , 0.        ,
        0.        , 0.        , 0.        , 0.        , 0.        ,
        0.        , 3.44827586, 0.        ],
       [0.        , 0.        , 0.        , 0.        , 0.        ,
        4.        , 0.        , 0.        , 0.        , 0.        ,
        0.        , 0.        , 0.        , 0.        , 0.        ,
        4.16666667, 0.        , 0.        ],
       [0.        , 0.        , 0.        , 0.        , 0.        ,
        0.        , 4.        , 0.        , 0.        , 0.        ,
        0.        , 1.        , 0.        , 0.        , 0.        ,
        0.        , 0.        , 0.        ],
       [0.        , 0.        , 0.        , 0.        , 0.        ,
        0.        , 0.        , 5.        , 0.        , 0.        ,
        0.        , 0.        , 0.        , 5.        , 0.        ,
        0.        , 0.        , 0.        ]]), array([[1.        , 0.        , 0.        , 0.        , 0.        ,
        0.        , 0.        , 0.        , 1.66666667, 0.        ,
        0.        , 0.        , 0.        , 0.        , 0.        ,
        0.        , 0.        , 0.        ],
       [0.        , 1.        , 0.        , 0.        , 0.        ,
        0.        , 0.        , 0.        , 0.        , 0.        ,
        0.        , 0.        , 0.        , 0.        , 1.80555556,
        0.        , 0.        , 0.        ],
       [0.        , 0.        , 1.        , 0.        , 0.        ,
        0.        , 0.        , 0.        , 0.        , 0.        ,
        0.        , 1.26470588, 1.91176471, 0.        , 0.        ,
        0.        , 0.        , 0.        ],
       [0.        , 0.        , 0.        , 2.        , 0.        ,
        0.        , 0.        , 0.        , 0.        , 2.09677419,
        2.09677419, 0.        , 0.        , 0.        , 0.        ,
        0.        , 0.        , 2.09677419],
       [0.        , 0.        , 0.        , 0.        , 2.        ,
        0.        , 0.        , 0.        , 0.        , 0.        ,
        0.        , 0.        , 0.        , 0.        , 0.        ,
        0.        , 2.24137931, 0.        ],
       [0.        , 0.        , 0.        , 0.        , 0.        ,
        2.        , 0.        , 0.        , 0.        , 0.        ,
        0.        , 0.        , 0.        , 0.        , 0.        ,
        2.70833333, 0.        , 0.        ],
       [0.        , 0.        , 0.        , 0.        , 0.        ,
        0.        , 2.        , 0.        , 0.        , 0.        ,
        0.        , 1.        , 0.        , 0.        , 0.        ,
        0.        , 0.        , 0.        ],
       [0.        , 0.        , 0.        , 0.        , 0.        ,
        0.        , 0.        , 3.        , 0.        , 0.        ,
        0.        , 0.        , 0.        , 3.25      , 0.        ,
        0.        , 0.        , 0.        ]])]