Função Objetivo: 13.1928571429
Função Objetivo: 12.2328571429
Função Objetivo: 12.0661904762
Função Objetivo: 12.0161904762
Função Objetivo: 11.979408867
Função Objetivo: 11.8695238095
Função Objetivo: 11.8266666667
Função Objetivo: 11.82
Função Objetivo: 11.82

 Tempo Total: (1.4701569080352783,)[array([[ 3.        ,  0.        ,  0.        ,  0.        ,  0.        ,
         0.        ,  0.        ,  0.        ,  0.        ,  2.        ,
         0.        ,  0.        ,  0.        ,  0.        ,  0.        ,
         0.        ,  0.        ],
       [ 0.        ,  3.        ,  0.        ,  0.        ,  0.        ,
         0.        ,  0.        ,  0.        ,  3.94736842,  0.        ,
         0.        ,  0.        ,  0.        ,  0.        ,  0.        ,
         0.        ,  0.        ],
       [ 0.        ,  0.        ,  4.        ,  0.        ,  0.        ,
         0.        ,  0.        ,  0.        ,  0.        ,  0.        ,
         0.        ,  0.        ,  0.        ,  0.        ,  2.        ,
         2.        ,  0.        ],
       [ 0.        ,  0.        ,  0.        ,  4.        ,  0.        ,
         0.        ,  0.        ,  0.        ,  0.        ,  2.        ,
         4.28571429,  0.        ,  0.        ,  0.        ,  0.        ,
         0.        ,  0.        ],
       [ 0.        ,  0.        ,  0.        ,  0.        ,  5.        ,
         0.        ,  0.        ,  0.        ,  0.        ,  0.        ,
         0.        ,  3.51724138,  5.17241379,  0.        ,  0.        ,
         0.        ,  0.        ],
       [ 0.        ,  0.        ,  0.        ,  0.        ,  0.        ,
         7.        ,  0.        ,  0.        ,  0.        ,  0.        ,
         0.        ,  0.        ,  0.        ,  7.14285714,  1.33333333,
         3.61904762,  4.85714286],
       [ 0.        ,  0.        ,  0.        ,  0.        ,  0.        ,
         0.        ,  9.        ,  0.        ,  0.        ,  0.        ,
         0.        ,  3.        ,  0.        ,  0.        ,  3.        ,
         0.        ,  3.        ],
       [ 0.        ,  0.        ,  0.        ,  0.        ,  0.        ,
         0.        ,  0.        , 10.        ,  0.        ,  0.        ,
         0.        ,  0.        ,  0.        ,  0.        ,  0.        ,
         0.        ,  0.        ]]), array([[2.        , 0.        , 0.        , 0.        , 0.        ,
        0.        , 0.        , 0.        , 0.        , 2.        ,
        0.        , 0.        , 0.        , 0.        , 0.        ,
        0.        , 0.        ],
       [0.        , 2.        , 0.        , 0.        , 0.        ,
        0.        , 0.        , 0.        , 2.63157895, 0.        ,
        0.        , 0.        , 0.        , 0.        , 0.        ,
        0.        , 0.        ],
       [0.        , 0.        , 2.        , 0.        , 0.        ,
        0.        , 0.        , 0.        , 0.        , 0.        ,
        0.        , 0.        , 0.        , 0.        , 2.        ,
        2.        , 0.        ],
       [0.        , 0.        , 0.        , 2.        , 0.        ,
        0.        , 0.        , 0.        , 0.        , 0.57142857,
        2.85714286, 0.        , 0.        , 0.        , 0.        ,
        0.        , 0.        ],
       [0.        , 0.        , 0.        , 0.        , 3.        ,
        0.        , 0.        , 0.        , 0.        , 0.        ,
        0.        , 1.79310345, 3.44827586, 0.        , 0.        ,
        0.        , 0.        ],
       [0.        , 0.        , 0.        , 0.        , 0.        ,
        4.        , 0.        , 0.        , 0.        , 0.        ,
        0.        , 0.        , 0.        , 4.76190476, 0.        ,
        1.23809524, 2.47619048],
       [0.        , 0.        , 0.        , 0.        , 0.        ,
        0.        , 6.        , 0.        , 0.        , 0.        ,
        0.        , 3.        , 0.        , 0.        , 1.625     ,
        0.        , 3.        ],
       [0.        , 0.        , 0.        , 0.        , 0.        ,
        0.        , 0.        , 6.        , 0.        , 0.        ,
        0.        , 0.        , 0.        , 0.        , 0.        ,
        0.        , 0.        ]]), array([[1.        , 0.        , 0.        , 0.        , 0.        ,
        0.        , 0.        , 0.        , 0.        , 1.625     ,
        0.        , 0.        , 0.        , 0.        , 0.        ,
        0.        , 0.        ],
       [0.        , 1.        , 0.        , 0.        , 0.        ,
        0.        , 0.        , 0.        , 1.71052632, 0.        ,
        0.        , 0.        , 0.        , 0.        , 0.        ,
        0.        , 0.        ],
       [0.        , 0.        , 1.        , 0.        , 0.        ,
        0.        , 0.        , 0.        , 0.        , 0.        ,
        0.        , 0.        , 0.        , 0.        , 1.75675676,
        1.75675676, 0.        ],
       [0.        , 0.        , 0.        , 1.        , 0.        ,
        0.        , 0.        , 0.        , 0.        , 0.        ,
        1.85714286, 0.        , 0.        , 0.        , 0.        ,
        0.        , 0.        ],
       [0.        , 0.        , 0.        , 0.        , 2.        ,
        0.        , 0.        , 0.        , 0.        , 0.        ,
        0.        , 0.5862069 , 2.24137931, 0.        , 0.        ,
        0.        , 0.        ],
       [0.        , 0.        , 0.        , 0.        , 0.        ,
        3.        , 0.        , 0.        , 0.        , 0.        ,
        0.        , 0.        , 0.        , 3.0952381 , 0.        ,
        0.        , 0.80952381],
       [0.        , 0.        , 0.        , 0.        , 0.        ,
        0.        , 4.        , 0.        , 0.        , 0.        ,
        0.        , 3.        , 0.        , 0.        , 0.        ,
        0.        , 3.        ],
       [0.        , 0.        , 0.        , 0.        , 0.        ,
        0.        , 0.        , 4.        , 0.        , 0.        ,
        0.        , 0.        , 0.        , 0.        , 0.        ,
        0.        , 0.        ]])]