Função Objetivo: 15.9952380952
Função Objetivo: 15.5752380952
Função Objetivo: 14.8552380952
Função Objetivo: 14.5752380952
Função Objetivo: 14.4323809524
Função Objetivo: 14.3983673469
Função Objetivo: 14.38

 Tempo Total: (1.249953031539917,)[array([[ 3.        ,  0.        ,  0.        ,  0.        ,  0.        ,
         0.        ,  0.        ,  0.        ,  3.40909091,  0.        ,
         0.        ,  0.        ,  0.        ,  0.        ],
       [ 0.        ,  3.        ,  0.        ,  0.        ,  0.        ,
         0.        ,  0.        ,  3.48837209,  0.        ,  0.        ,
         0.        ,  0.        ,  0.        ,  0.        ],
       [ 0.        ,  0.        ,  5.        ,  0.        ,  0.        ,
         0.        ,  0.        ,  0.        ,  0.        ,  5.55555556,
         0.        ,  0.        ,  0.        ,  0.        ],
       [ 0.        ,  0.        ,  0.        ,  7.        ,  0.        ,
         0.        ,  0.        ,  0.        ,  0.        ,  0.        ,
         0.        ,  2.57142857,  7.14285714,  7.14285714],
       [ 0.        ,  0.        ,  0.        ,  0.        ,  7.        ,
         0.        ,  0.        ,  0.        ,  0.        ,  0.        ,
         7.5       ,  0.        ,  0.        ,  0.        ],
       [ 0.        ,  0.        ,  0.        ,  0.        ,  0.        ,
         9.        ,  0.        ,  0.        ,  0.        ,  0.        ,
         0.        ,  6.        ,  0.        ,  0.        ],
       [ 0.        ,  0.        ,  0.        ,  0.        ,  0.        ,
         0.        , 10.        ,  0.        ,  0.        ,  0.        ,
         0.        ,  0.        ,  0.        ,  0.        ]]), array([[2.        , 0.        , 0.        , 0.        , 0.        ,
        0.        , 0.        , 0.        , 2.27272727, 0.        ,
        0.        , 0.        , 0.        , 0.        ],
       [0.        , 2.        , 0.        , 0.        , 0.        ,
        0.        , 0.        , 2.3255814 , 0.        , 0.        ,
        0.        , 0.        , 0.        , 0.        ],
       [0.        , 0.        , 3.        , 0.        , 0.        ,
        0.        , 0.        , 0.        , 0.        , 3.7037037 ,
        0.        , 0.        , 0.        , 0.        ],
       [0.        , 0.        , 0.        , 4.        , 0.        ,
        0.        , 0.        , 0.        , 0.        , 0.        ,
        0.        , 0.19047619, 4.76190476, 4.76190476],
       [0.        , 0.        , 0.        , 0.        , 5.        ,
        0.        , 0.        , 0.        , 0.        , 0.        ,
        5.        , 0.        , 0.        , 0.        ],
       [0.        , 0.        , 0.        , 0.        , 0.        ,
        6.        , 0.        , 0.        , 0.        , 0.        ,
        0.        , 6.        , 0.        , 0.        ],
       [0.        , 0.        , 0.        , 0.        , 0.        ,
        0.        , 6.        , 0.        , 0.        , 0.        ,
        0.        , 0.        , 0.        , 0.        ]]), array([[1.        , 0.        , 0.        , 0.        , 0.        ,
        0.        , 0.        , 0.        , 1.47727273, 0.        ,
        0.        , 0.        , 0.        , 0.        ],
       [0.        , 1.        , 0.        , 0.        , 0.        ,
        0.        , 0.        , 1.51162791, 0.        , 0.        ,
        0.        , 0.        , 0.        , 0.        ],
       [0.        , 0.        , 2.        , 0.        , 0.        ,
        0.        , 0.        , 0.        , 0.        , 2.40740741,
        0.        , 0.        , 0.        , 0.        ],
       [0.        , 0.        , 0.        , 3.        , 0.        ,
        0.        , 0.        , 0.        , 0.        , 0.        ,
        0.        , 0.        , 3.0952381 , 3.0952381 ],
       [0.        , 0.        , 0.        , 0.        , 3.        ,
        0.        , 0.        , 0.        , 0.        , 0.        ,
        3.25      , 0.        , 0.        , 0.        ],
       [0.        , 0.        , 0.        , 0.        , 0.        ,
        4.        , 0.        , 0.        , 0.        , 0.        ,
        0.        , 4.0625    , 0.        , 0.        ],
       [0.        , 0.        , 0.        , 0.        , 0.        ,
        0.        , 4.        , 0.        , 0.        , 0.        ,
        0.        , 0.        , 0.        , 0.        ]])]