Função Objetivo: 15.2452380952
Função Objetivo: 13.8852380952
Função Objetivo: 13.2785714286
Função Objetivo: 13.0652380952
Função Objetivo: 12.9795238095
Função Objetivo: 12.9795238095
Função Objetivo: 12.9361904762
Função Objetivo: 12.9076190476
Função Objetivo: 12.8733333333

 Tempo Total: (1.681753158569336,)[array([[3.        , 0.        , 0.        , 0.        , 0.        ,
        0.        , 0.        , 0.        , 3.94736842, 0.        ,
        0.        , 0.        , 0.        , 0.        , 0.        ,
        0.        , 0.        ],
       [0.        , 4.        , 0.        , 0.        , 0.        ,
        0.        , 0.        , 0.        , 0.        , 4.83870968,
        0.        , 0.        , 0.        , 0.        , 0.        ,
        0.        , 0.        ],
       [0.        , 0.        , 5.        , 0.        , 0.        ,
        0.        , 0.        , 0.        , 0.        , 0.        ,
        0.        , 0.        , 0.        , 0.        , 3.        ,
        0.        , 0.        ],
       [0.        , 0.        , 0.        , 5.        , 0.        ,
        0.        , 0.        , 0.        , 0.        , 0.        ,
        0.        , 1.        , 0.        , 1.        , 0.        ,
        0.        , 1.        ],
       [0.        , 0.        , 0.        , 0.        , 5.        ,
        0.        , 0.        , 0.        , 0.        , 0.        ,
        5.76923077, 0.        , 0.        , 0.        , 0.        ,
        0.        , 0.        ],
       [0.        , 0.        , 0.        , 0.        , 0.        ,
        7.        , 0.        , 0.        , 0.        , 0.        ,
        0.        , 0.        , 0.        , 0.        , 3.        ,
        7.14285714, 0.        ],
       [0.        , 0.        , 0.        , 0.        , 0.        ,
        0.        , 7.        , 0.        , 0.        , 0.        ,
        0.        , 4.45      , 5.8       , 6.15      , 0.        ,
        0.        , 6.15      ],
       [0.        , 0.        , 0.        , 0.        , 0.        ,
        0.        , 0.        , 8.        , 0.        , 0.        ,
        0.        , 2.        , 2.        , 0.        , 0.        ,
        0.        , 0.        ]]), array([[2.        , 0.        , 0.        , 0.        , 0.        ,
        0.        , 0.        , 0.        , 2.63157895, 0.        ,
        0.        , 0.        , 0.        , 0.        , 0.        ,
        0.        , 0.        ],
       [0.        , 3.        , 0.        , 0.        , 0.        ,
        0.        , 0.        , 0.        , 0.        , 3.22580645,
        0.        , 0.        , 0.        , 0.        , 0.        ,
        0.        , 0.        ],
       [0.        , 0.        , 3.        , 0.        , 0.        ,
        0.        , 0.        , 0.        , 0.        , 0.        ,
        0.        , 0.        , 0.        , 0.        , 3.        ,
        0.        , 0.        ],
       [0.        , 0.        , 0.        , 3.        , 0.        ,
        0.        , 0.        , 0.        , 0.        , 0.        ,
        0.        , 1.        , 0.        , 1.        , 0.        ,
        0.        , 1.        ],
       [0.        , 0.        , 0.        , 0.        , 3.        ,
        0.        , 0.        , 0.        , 0.        , 0.        ,
        3.84615385, 0.        , 0.        , 0.        , 0.        ,
        0.        , 0.        ],
       [0.        , 0.        , 0.        , 0.        , 0.        ,
        4.        , 0.        , 0.        , 0.        , 0.        ,
        0.        , 0.        , 0.        , 0.        , 0.61904762,
        4.76190476, 0.        ],
       [0.        , 0.        , 0.        , 0.        , 0.        ,
        0.        , 5.        , 0.        , 0.        , 0.        ,
        0.        , 1.95      , 3.3       , 3.65      , 0.        ,
        0.        , 3.65      ],
       [0.        , 0.        , 0.        , 0.        , 0.        ,
        0.        , 0.        , 5.        , 0.        , 0.        ,
        0.        , 2.        , 2.        , 0.        , 0.        ,
        0.        , 0.        ]]), array([[1.        , 0.        , 0.        , 0.        , 0.        ,
        0.        , 0.        , 0.        , 1.71052632, 0.        ,
        0.        , 0.        , 0.        , 0.        , 0.        ,
        0.        , 0.        ],
       [0.        , 2.        , 0.        , 0.        , 0.        ,
        0.        , 0.        , 0.        , 0.        , 2.09677419,
        0.        , 0.        , 0.        , 0.        , 0.        ,
        0.        , 0.        ],
       [0.        , 0.        , 2.        , 0.        , 0.        ,
        0.        , 0.        , 0.        , 0.        , 0.        ,
        0.        , 0.        , 0.        , 0.        , 2.24137931,
        0.        , 0.        ],
       [0.        , 0.        , 0.        , 2.        , 0.        ,
        0.        , 0.        , 0.        , 0.        , 0.        ,
        0.        , 1.        , 0.        , 1.        , 0.        ,
        0.        , 1.        ],
       [0.        , 0.        , 0.        , 0.        , 2.        ,
        0.        , 0.        , 0.        , 0.        , 0.        ,
        2.5       , 0.        , 0.        , 0.        , 0.        ,
        0.        , 0.        ],
       [0.        , 0.        , 0.        , 0.        , 0.        ,
        3.        , 0.        , 0.        , 0.        , 0.        ,
        0.        , 0.        , 0.        , 0.        , 0.        ,
        3.0952381 , 0.        ],
       [0.        , 0.        , 0.        , 0.        , 0.        ,
        0.        , 3.        , 0.        , 0.        , 0.        ,
        0.        , 0.2       , 1.55      , 1.9       , 0.        ,
        0.        , 1.9       ],
       [0.        , 0.        , 0.        , 0.        , 0.        ,
        0.        , 0.        , 3.        , 0.        , 0.        ,
        0.        , 2.        , 2.        , 0.        , 0.        ,
        0.        , 0.        ]])]