Função Objetivo: 17.2
Função Objetivo: 16.7733333333
Função Objetivo: 16.3733333333
Função Objetivo: 16.04
Função Objetivo: 15.9333333333

 Tempo Total: (1.709355115890503,)[array([[ 4.        ,  0.        ,  0.        ,  0.        ,  0.        ,
         0.        ,  0.        ,  0.        ,  4.28571429,  0.        ,
         4.28571429],
       [ 0.        ,  5.        ,  0.        ,  0.        ,  0.        ,
         0.        ,  0.        ,  0.        ,  0.        ,  0.        ,
         0.        ],
       [ 0.        ,  0.        ,  5.        ,  0.        ,  0.        ,
         0.        ,  0.        ,  0.        ,  0.        ,  5.17241379,
         0.        ],
       [ 0.        ,  0.        ,  0.        ,  5.        ,  0.        ,
         0.        ,  0.        ,  5.55555556,  0.        ,  0.        ,
         0.        ],
       [ 0.        ,  0.        ,  0.        ,  0.        ,  5.        ,
         0.        ,  5.76923077,  0.        ,  0.        ,  0.        ,
         0.        ],
       [ 0.        ,  0.        ,  0.        ,  0.        ,  0.        ,
        10.        ,  0.        ,  0.        ,  0.        ,  0.        ,
         0.        ]]), array([[2.        , 0.        , 0.        , 0.        , 0.        ,
        0.        , 0.        , 0.        , 2.85714286, 0.        ,
        2.85714286],
       [0.        , 3.        , 0.        , 0.        , 0.        ,
        0.        , 0.        , 0.        , 0.        , 0.        ,
        0.        ],
       [0.        , 0.        , 3.        , 0.        , 0.        ,
        0.        , 0.        , 0.        , 0.        , 3.44827586,
        0.        ],
       [0.        , 0.        , 0.        , 3.        , 0.        ,
        0.        , 0.        , 3.7037037 , 0.        , 0.        ,
        0.        ],
       [0.        , 0.        , 0.        , 0.        , 3.        ,
        0.        , 3.84615385, 0.        , 0.        , 0.        ,
        0.        ],
       [0.        , 0.        , 0.        , 0.        , 0.        ,
        6.        , 0.        , 0.        , 0.        , 0.        ,
        0.        ]]), array([[1.        , 0.        , 0.        , 0.        , 0.        ,
        0.        , 0.        , 0.        , 1.85714286, 0.        ,
        1.85714286],
       [0.        , 2.        , 0.        , 0.        , 0.        ,
        0.        , 0.        , 0.        , 0.        , 0.        ,
        0.        ],
       [0.        , 0.        , 2.        , 0.        , 0.        ,
        0.        , 0.        , 0.        , 0.        , 2.24137931,
        0.        ],
       [0.        , 0.        , 0.        , 2.        , 0.        ,
        0.        , 0.        , 2.40740741, 0.        , 0.        ,
        0.        ],
       [0.        , 0.        , 0.        , 0.        , 2.        ,
        0.        , 2.5       , 0.        , 0.        , 0.        ,
        0.        ],
       [0.        , 0.        , 0.        , 0.        , 0.        ,
        4.        , 0.        , 0.        , 0.        , 0.        ,
        0.        ]])]