Solution: [2.6666666666666665, 1.3333333333333333, 2.6666666666666665, 3.0, 0.25, 0.5, 2.5, 0.4, 1.0, 0.2, 1.0, 0.8333333333333333, 1.2857142857142856, 0.14285714285714285, 1.125, 0.5, 0.8181818181818182, 0.7142857142857142, 0.625, 0.2]
Solution mochila: 101.205357143
Padrão novo: [0.0, 0.0, 0.0, 3.0, 0.0, 0.0, 0.0, 0.0, 0.0, 0.0, 0.0, 0.0, 0.0, 1.0, 0.0, 0.0, 0.0, 0.0, 1.0, 0.0]
Função Objetivo: 21.761038961
Solution: [2.6666666666666665, 1.3333333333333333, 2.6666666666666665, 0.0, 0.25, 0.5, 2.5, 0.4, 1.0, 0.2, 1.0, 0.8333333333333333, 1.2857142857142856, 0.0, 1.125, 0.5, 0.8181818181818182, 0.7142857142857142, 0.4375, 0.2, 3.0]
Solution mochila: 101.179166667
Padrão novo: [-0.0, -0.0, 2.0000000000000004, 0.9999999999999991, -0.0, -0.0, -0.0, -0.0, -0.0, -0.0, 1.0000000000000009, -0.0, -0.0, -0.0, -0.0, -0.0, -0.0, -0.0, -0.0, -0.0]
Função Objetivo: 21.4306818182
Solution: [2.6666666666666665, 1.3333333333333333, 0.0, 0.0, 0.25, 0.5, 2.5, 0.4, 1.0, 0.2, 0.1999999999999995, 0.8333333333333333, 1.2857142857142856, 0.0, 1.125, 0.5, 0.8181818181818182, 0.7142857142857142, 0.5208333333333333, 0.2, 1.666666666666668, 3.999999999999999]
Solution mochila: 101.166666667
Padrão novo: [-0.0, -0.0, -0.0, 0.0, -0.0, -0.0, -0.0, -0.0, -0.0, -0.0, 5.000000000000002, 1.0000000000000022, -0.0, -0.0, -0.0, -0.0, -0.0, -0.0, -0.0, -0.0]
Função Objetivo: 20.7140151515
Solution: [2.6666666666666665, 1.3333333333333333, 0.0, 0.0, 0.25, 0.5, 2.5, 0.4, 1.0, 0.2, 0.0, 0.7999999999999999, 1.2857142857142856, 0.0, 1.125, 0.5, 0.8181818181818182, 0.7142857142857142, 0.5208333333333333, 0.2, 1.666666666666668, 3.999999999999999, 0.1999999999999995]
Solution mochila: 101.145833333
Padrão novo: [0.0, 1.0, 0.0, 1.0, 0.0, 0.0, 2.0, 0.0, 0.0, 0.0, 0.0, 0.0, 0.0, 0.0, 0.0, 0.0, 0.0, 0.0, 0.0, 0.0]
Função Objetivo: 20.6806818182
Solution: [2.6666666666666665, 0.0, 0.0, 0.0, 0.25, 0.5, 0.5, 0.4, 1.0, 0.2, 0.0, 0.7999999999999999, 1.2857142857142856, 0.09523809523809502, 1.125, 0.5, 0.8181818181818182, 0.7142857142857142, 0.6041666666666665, 0.2, 0.3333333333333348, 3.999999999999999, 0.1999999999999995, 4.0]
Solution mochila: 101.125
Padrão novo: [0.0, 0.0, 0.0, 0.0, 0.0, 0.0, 4.0, 0.0, 0.0, 0.0, 0.0, 0.0, 0.0, 0.0, 1.0, 0.0, 0.0, 0.0, 0.0, 0.0]
Função Objetivo: 20.1925865801
Solution: [2.6666666666666665, 0.0, 0.0, 0.0, 0.25, 0.5, 0.0, 0.4, 1.0, 0.2, 0.0, 0.7999999999999999, 1.2857142857142856, 0.09523809523809502, 1.0625, 0.5, 0.8181818181818182, 0.7142857142857142, 0.6041666666666665, 0.2, 0.3333333333333348, 3.999999999999999, 0.1999999999999995, 4.0, 0.5]
Solution mochila: 101.1
Padrão novo: [3.0, 0.0, 0.0, 0.0, 0.0, 0.0, 0.0, 0.0, 0.0, 0.0, 0.0, 0.0, 0.0, 0.0, 0.0, 1.0, 0.0, 0.0, 0.0, 0.0]
Função Objetivo: 20.1300865801
Solution: [0.0, 0.0, 0.0, 0.0, 0.25, 0.5, 0.0, 0.4, 1.0, 0.2, 0.0, 0.7999999999999999, 1.2857142857142856, 0.09523809523809502, 1.0625, 0.23333333333333334, 0.8181818181818182, 0.7142857142857142, 0.6041666666666665, 0.2, 0.3333333333333348, 3.999999999999999, 0.1999999999999995, 4.0, 0.5, 2.6666666666666665]
Solution mochila: 101.1004329
Padrão novo: [0.0, 0.0, 0.0, 0.0, 0.0, 0.0, 0.0, 0.0, 0.0, 1.0, 0.0, 4.0, 0.0, 1.0, 0.0, 0.0, 1.0, 0.0, 0.0, 0.0]
Função Objetivo: 19.8634199134
Solution: [0.0, 0.0, 0.0, 0.0, 0.25, 0.5, 0.0, 0.4, 1.0, 0.06666666666666696, 0.0, 0.3555555555555565, 1.2857142857142856, 0.0, 1.0625, 0.23333333333333334, 0.7575757575757578, 0.7142857142857142, 0.6041666666666665, 0.2, 0.3333333333333348, 3.999999999999999, 0.1999999999999995, 4.0, 0.5, 2.6666666666666665, 0.6666666666666652]
Solution mochila: 101.098953824
Padrão novo: [-0.0, -0.0, -0.0, 1.0, -0.0, -0.0, -0.0, -0.0, -0.0, -0.0, -0.0, 4.0, -0.0, -0.0, -0.0, -0.0, -0.0, 1.0, 1.0, -0.0]
Função Objetivo: 19.7964646465
Solution: [0.0, 0.0, 0.0, 0.0, 0.25, 0.5, 0.0, 0.4, 1.0, 0.0400000000000002, 0.0, 0.0, 1.2857142857142856, 0.0, 1.0625, 0.23333333333333334, 0.7454545454545456, 0.6857142857142855, 0.5874999999999999, 0.2, 0.20000000000000112, 3.999999999999999, 0.1999999999999994, 4.0, 0.5, 2.6666666666666665, 0.7999999999999989, 0.4000000000000011]
Solution mochila: 101.075
Padrão novo: [0.0, 0.0, 0.0, 0.0, -0.0, 2.0, 0.0, 0.0, 1.0, 1.0, 0.0, 0.0, 0.0, -0.0, 1.0, 0.0, 0.0, 0.0, 0.0, 1.0]
Função Objetivo: 19.7568831169
Solution: [0.0, 0.06666666666666532, 0.0, 0.0, 0.25, 0.0, 0.0, 0.4, 0.8, 0.0, 0.0, 0.0, 1.2857142857142856, 0.14285714285714285, 0.9250000000000003, 0.23333333333333334, 0.8181818181818182, 0.6285714285714284, 0.55, 0.15000000000000002, 0.0, 3.999999999999999, 0.1999999999999995, 3.8000000000000043, 0.5999999999999979, 2.6666666666666665, 0.0, 1.2, 1.0]
Solution mochila: 101.142857143
Padrão novo: [-0.0, 3.0, -0.0, -0.0, -0.0, -0.0, -0.0, -0.0, -0.0, -0.0, -0.0, -0.0, -0.0, 1.0, -0.0, -0.0, -0.0, -0.0, -0.0, -0.0]
Função Objetivo: 19.716991342
Solution: [0.0, 0.0, 0.0, 0.0, 0.25, 0.0, 0.0, 0.4, 0.8, 0.0, 0.0, 0.0, 1.2857142857142856, 0.0, 0.8375000000000001, 0.23333333333333334, 0.8181818181818182, 0.6285714285714284, 0.5208333333333334, 0.15000000000000002, 0.46666666666666723, 3.999999999999999, 0.1999999999999994, 2.400000000000002, 1.299999999999999, 2.6666666666666665, 0.0, 1.2, 1.0, 0.5333333333333328]
Solution mochila: 101.0625
Padrão novo: [0.0, 0.0, 0.0, 0.0, 0.0, 2.0, 0.0, 0.0, 0.0, 0.0, 0.0, 0.0, 0.0, 0.0, 1.0, 0.0, 0.0, 0.0, 7.0, 0.0]
Função Objetivo: 19.6908008658
Solution: [0.0, 0.0, 0.0, 0.0, 0.25, 0.0, 0.0, 0.4, 0.8, 0.0, 0.0, 0.0, 1.2857142857142856, 0.0, 0.8375000000000001, 0.23333333333333334, 0.8181818181818182, 0.6285714285714284, 0.5208333333333334, 0.15000000000000002, 0.46666666666666723, 3.999999999999999, 0.1999999999999994, 2.400000000000002, 1.299999999999999, 2.6666666666666665, 0.0, 1.2, 1.0, 0.5333333333333328, 0.0]
Solution mochila: 101.051352814
Padrão novo: [0.0, 0.0, 0.0, 0.0, -0.0, 0.0, 0.0, 0.0, 4.0, 1.0, 0.0, 0.0, 0.0, -0.0, 0.0, 0.0, 0.0, 0.0, 1.0, 0.0]
Função Objetivo: 19.6908008658
Solution: [0.0, 0.0, 0.0, 0.0, 0.25, 0.0, 0.0, 0.4, 0.19999999999999996, 0.0, 0.0, 0.0, 1.2857142857142856, 0.0, 0.8375000000000001, 0.23333333333333334, 0.8181818181818182, 0.6285714285714284, 0.02083333333333337, 0.2, 0.46666666666666723, 3.999999999999999, 0.1999999999999994, 2.400000000000002, 1.299999999999999, 2.6666666666666665, 0.0, 1.2, 0.0, 0.5333333333333328, 1.0, 1.0]
Solution mochila: 101.05
Padrão novo: [0.0, 0.0, 0.0, 0.0, -0.0, 0.0, 0.0, 0.0, 5.0, -0.0, 0.0, 0.0, 0.0, -0.0, 0.0, 0.0, 0.0, 0.0, 0.0, 1.0]
Função Objetivo: 19.6408008658
Solution: [0.0, 0.0, 0.0, 0.0, 0.25, 0.0, 0.0, 0.4, 0.0, 0.0, 0.0, 0.0, 1.2857142857142856, 0.0, 0.8375000000000001, 0.23333333333333334, 0.8181818181818182, 0.6285714285714284, 0.02083333333333337, 0.19, 0.46666666666666723, 3.999999999999999, 0.1999999999999994, 2.400000000000002, 1.299999999999999, 2.6666666666666665, 0.0, 1.2, 0.0, 0.5333333333333328, 1.0, 1.0, 0.19999999999999996]
Solution mochila: 101.035714286
Padrão novo: [0.0, 0.0, 0.0, 0.0, 0.0, 0.0, 0.0, 0.0, 0.0, 0.0, 0.0, 0.0, 0.0, 0.0, 3.0, 0.0, 0.0, 4.0, 6.0, 0.0]
Função Objetivo: 19.6308008658
Solution: [0.0, 0.0, 0.0, 0.0, 0.25, 0.0, 0.0, 0.4, 0.0, 0.0, 0.0, 0.0, 1.2857142857142856, 0.0, 0.3166666666666669, 0.23333333333333334, 0.8181818181818182, 0.2317460317460317, 0.0, 0.11000000000000001, 0.46666666666666723, 3.999999999999999, 0.1999999999999994, 2.400000000000002, 1.299999999999999, 2.6666666666666665, 0.0, 1.2, 1.0, 0.5333333333333328, 0.0, 0.0, 0.8, 1.3888888888888886]
Solution mochila: 101.039583333
Padrão novo: [-0.0, -0.0, -0.0, -0.0, -0.0, 0.9999999999999982, -0.0, -0.0, -0.0, -0.0, -0.0, -0.0, -0.0, -0.0, 6.000000000000005, -0.0, -0.0, -0.0, -0.0, 0.9999999999999989]
Função Objetivo: 19.6011976912
Solution: [0.0, 0.0, 0.0, 0.0, 0.25, 0.0, 0.0, 0.4, 0.0, 0.0, 0.0, 0.0, 1.2857142857142856, 0.0, 0.0, 0.23333333333333334, 0.7965909090909092, 0.23363095238095227, 0.0, 0.09575000000000003, 0.3875000000000008, 3.999999999999999, 0.1999999999999994, 2.875000000000001, 1.0624999999999996, 2.6666666666666665, 0.23749999999999935, 0.9625000000000006, 0.7625000000000006, 0.37499999999999967, 0.0, 0.0, 0.8474999999999999, 1.4416666666666667, 0.47499999999999964]
Solution mochila: 101.014285714
Padrão novo: [1.0, 0.0, 0.0, 0.0, 0.0, 0.0, 0.0, 0.0, 0.0, 0.0, 0.0, 0.0, 5.0, 0.0, 0.0, 0.0, 0.0, 0.0, 0.0, 0.0]
Função Objetivo: 19.5883528139
Solution: [0.0, 0.0, 0.0, 0.0, 0.25, 0.0, 0.0, 0.4, 0.0, 0.0, 0.0, 0.0, 0.0, 0.0, 0.0, 0.29333333333333333, 0.7965909090909092, 0.23363095238095227, 0.0, 0.09575000000000003, 0.3875000000000008, 3.999999999999999, 0.1999999999999994, 2.875000000000001, 1.0624999999999996, 2.0666666666666664, 0.23749999999999935, 0.9625000000000006, 0.7625000000000006, 0.37499999999999967, 0.0, 0.0, 0.8474999999999999, 1.4416666666666667, 0.47499999999999964, 1.8]
Solution mochila: 101.014285714
Padrão novo: [1.0, 0.0, 0.0, 0.0, 0.0, 0.0, 0.0, 0.0, 0.0, 0.0, 0.0, 0.0, 0.0, 0.0, 0.0, 0.0, 0.0, 10.0, 0.0, 0.0]
Função Objetivo: 19.5626385281
Solution: [0.0, 0.0, 0.0, 0.0, 0.25, 0.0, 0.0, 0.4, 0.0, 0.0, 0.0, 0.0, 0.0, 0.0, 0.0, 0.3135785440613027, 0.7454545454545456, 0.0, 0.0, 0.11386206896551734, 0.20000000000000112, 3.999999999999999, 0.1999999999999994, 4.0, 0.5, 1.8642145593869728, 0.7999999999999989, 0.4000000000000011, 0.0, 0.0, 0.5586206896551733, 0.20000000000000107, 0.8399999999999992, 0.8816091954022975, 0.8827586206896549, 1.8, 0.6073563218390808]
Solution mochila: 100.999090909
Padrão novo: [1.0, 1.0, 0.0, 0.0, 0.0, 0.0, 0.0, 0.0, 0.0, 0.0, 0.0, 0.0, 0.0, 1.0, 0.0, 0.0, 0.0, 4.0, 0.0, 0.0]
Função Objetivo: 19.5574545455
