Solution: [3.0, 1.0, 7.0, 8.0, 1.5, 1.5, 2.5, 3.5, 2.0, 2.333333333333333, 0.3333333333333333, 3.333333333333333, 1.25, 0.75, 1.0, 2.0, 1.5, 1.1428571428571428, 0.5, 0.1]
Solution mochila: 53.6428571429
Padrão novo: [-0.0, -0.0, 0.0, 0.9999999999999999, -0.0, -0.0, -0.0, 0.0, 1.0000000000000002, -0.0, -0.0, -0.0, -0.0, -0.0, -0.0, -0.0, -0.0, 1.0, 0.0, -0.0]
Função Objetivo: 44.2428571429
Solution: [3.0, 1.0, 7.0, 0.0, 1.5, 1.5, 2.5, 3.5, 0.0, 2.333333333333333, 0.3333333333333333, 3.333333333333333, 1.25, 0.75, 1.0, 2.0, 1.5, 0.0, 0.5, 0.1, 8.0]
Solution mochila: 53.625
Padrão novo: [-0.0, -0.0, 0.0, 0.9999999999999998, -0.0, -0.0, -0.0, 1.0000000000000002, -0.0, -0.0, -0.0, -0.0, -0.0, -0.0, -0.0, -0.0, -0.0, -0.0, 0.9999999999999999, -0.0]
Função Objetivo: 41.1
Solution: [3.0, 1.0, 7.0, 0.0, 1.5, 1.5, 2.5, 1.4999999999999982, 0.0, 2.333333333333333, 0.3333333333333333, 3.333333333333333, 1.25, 0.75, 1.0, 2.0, 1.5, 0.5714285714285715, 0.0, 0.1, 3.999999999999999, 4.000000000000003]
Solution mochila: 53.6
Padrão novo: [-0.0, 0.0, 1.0, -0.0, -0.0, 0.0, 0.0, 1.0, -0.0, -0.0, -0.0, 0.0, 0.0, 0.0, 0.0, 0.0, 0.0, 0.0, -0.0, 1.0]
Função Objetivo: 39.1714285714
Solution: [3.0, 1.0, 0.0, 0.0, 1.5, 1.5, 2.5, 0.0, 0.0, 2.333333333333333, 0.3333333333333333, 3.333333333333333, 1.25, 0.75, 1.0, 2.0, 1.5, 0.0, 0.5, 0.0, 8.0, 0.0, 7.0]
Solution mochila: 53.5333333333
Padrão novo: [0.0, 1.0, 0.0, 0.0, 0.0, 0.0, 0.0, 0.0, 0.0, 0.0, 0.0, 1.0, 0.0, 0.0, 0.0, 1.0, 0.0, 0.0, 0.0, 0.0]
Função Objetivo: 37.5
Solution: [3.0, 0.0, 0.0, 0.0, 1.5, 1.5, 2.5, 0.0, 0.0, 2.333333333333333, 0.3333333333333333, 2.9999999999999996, 1.25, 0.75, 1.0, 1.8, 1.5, 0.0, 0.5, 0.0, 8.0, 0.0, 7.0, 1.0]
Solution mochila: 53.5333333333
Padrão novo: [0.0, 0.0, 1.0, 0.0, 0.0, 0.0, 0.0, 0.0, 0.0, 0.0, 0.0, 1.0, 0.0, 0.0, 1.0, 0.0, 0.0, 0.0, 0.0, 0.0]
Função Objetivo: 36.9666666667
Solution: [3.0, 0.0, 0.0, 0.0, 1.5, 1.5, 2.5, 0.4999999999999982, 0.0, 2.333333333333333, 0.3333333333333333, 1.3333333333333333, 1.25, 0.75, 0.0, 1.8, 1.5, 0.5714285714285715, 0.0, 0.0, 3.999999999999999, 4.000000000000003, 2.0, 1.0, 5.0]
Solution mochila: 53.5
Padrão novo: [1.0, 0.0, 0.0, 0.0, 0.0, 0.0, 0.0, 0.0, 0.0, 0.0, 0.0, 0.0, 0.0, 2.0, 0.0, 0.0, 0.0, 0.0, 0.0, 0.0]
Função Objetivo: 34.8714285714
Solution: [1.5, 0.0, 0.0, 0.0, 1.5, 1.5, 2.5, 0.4999999999999982, 0.0, 2.333333333333333, 0.3333333333333333, 1.3333333333333333, 1.25, 0.0, 0.0, 1.8, 1.5, 0.5714285714285715, 0.0, 0.0, 3.999999999999999, 4.000000000000003, 2.0, 1.0, 5.0, 1.5]
Solution mochila: 53.5
Padrão novo: [1.0, 0.0, 0.0, 0.0, 0.0, 1.0, 0.0, 0.0, 0.0, 0.0, 0.0, 0.0, 0.0, 0.0, 0.0, 0.0, 0.0, 0.0, 0.0, 0.0]
Função Objetivo: 34.1214285714
Solution: [0.0, 0.0, 0.0, 0.0, 1.5, 0.75, 2.5, 0.4999999999999982, 0.0, 2.333333333333333, 0.3333333333333333, 1.3333333333333333, 1.25, 0.0, 0.0, 1.8, 1.5, 0.5714285714285715, 0.0, 0.0, 3.999999999999999, 4.000000000000003, 2.0, 1.0, 5.0, 1.5, 1.5]
Solution mochila: 53.3333333333
Padrão novo: [-0.0, -0.0, -0.0, -0.0, 0.0, 0.0, 0.0, 2.0, 0.0, 0.0, -0.0, 1.0, 0.0, 0.0, 0.0, 0.0, 0.0, 0.0, 0.0, -0.0]
Função Objetivo: 33.3714285714
Solution: [0.0, 0.0, 0.0, 0.0, 1.5, 0.75, 2.5, 0.0, 0.0, 2.333333333333333, 0.3333333333333333, 0.6666666666666669, 1.25, 0.0, 0.0, 1.8, 1.5, 0.5714285714285715, 0.0, 0.0, 3.999999999999999, 4.000000000000003, 1.0, 1.0, 6.0, 1.5, 1.5, 0.9999999999999982]
Solution mochila: 53.25
Padrão novo: [0.0, 0.0, 0.0, 1.0, 0.0, 0.0, 0.0, 0.0, 0.0, 0.0, 0.0, 1.0, 0.0, 1.0, 0.0, 0.0, 0.0, 0.0, 0.0, 0.0]
Função Objetivo: 33.2047619048
Solution: [0.0, 0.0, 0.0, 0.0, 1.5, 0.16666666666666652, 2.5, 0.0, 0.0, 2.333333333333333, 0.3333333333333333, 0.0, 1.25, 0.0, 0.0, 1.8, 1.5, 0.5714285714285715, 0.2916666666666665, 0.0, 3.999999999999999, 1.6666666666666679, 2.0, 1.0, 5.0, 0.33333333333333304, 2.666666666666667, 1.6666666666666659, 2.333333333333334]
Solution mochila: 53.25
Padrão novo: [-0.0, -0.0, -0.0, -0.0, -0.0, -0.0, 1.9999999999999998, -0.0, -0.0, -0.0, -0.0, -0.0, 0.9999999999999998, 0.0, -0.0, -0.0, -0.0, -0.0, -0.0, -0.0]
Função Objetivo: 32.9130952381
Solution: [0.0, 0.0, 0.0, 0.0, 1.5, 0.16666666666666652, 0.0, 0.0, 0.0, 2.333333333333333, 0.3333333333333333, 0.0, 0.625, 0.0, 0.0, 1.8, 1.5, 0.5714285714285715, 0.2916666666666665, 0.0, 3.999999999999999, 1.6666666666666679, 2.0, 1.0, 5.0, 0.33333333333333304, 2.666666666666667, 1.6666666666666659, 2.333333333333334, 2.5000000000000004]
Solution mochila: 53.1666666667
Padrão novo: [0.0, 0.0, 0.0, 0.0, 0.0, 2.0, 0.0, 0.0, 0.0, 0.0, 0.0, 0.0, 0.0, 0.0, 0.0, 0.0, 1.0, 0.0, 0.0, 0.0]
Função Objetivo: 32.2880952381
Solution: [0.0, 0.0, 0.0, 0.0, 1.5, 0.0, 0.0, 0.0, 0.0, 2.333333333333333, 0.3333333333333333, 0.0, 0.625, 0.0, 0.0, 1.8, 1.4722222222222223, 0.5714285714285715, 0.2916666666666665, 0.0, 3.999999999999999, 1.6666666666666679, 2.0, 1.0, 5.0, 0.33333333333333304, 2.666666666666667, 1.6666666666666659, 2.333333333333334, 2.5000000000000004, 0.16666666666666652]
Solution mochila: 53.1722222222
Padrão novo: [0.0, 0.0, 1.0, 0.0, 0.0, 0.0, 0.0, 0.0, 0.0, 0.0, 1.0, 0.0, 0.0, 0.0, 0.0, 1.0, 0.0, 0.0, 0.0, 0.0]
Função Objetivo: 32.2603174603
Solution: [0.0, 0.0, 0.0, 0.0, 1.5, 0.0, 0.0, 0.0, 0.0, 2.333333333333333, 0.0, 0.0, 0.625, 0.0, 0.0, 1.6, 1.4583333333333335, 0.5714285714285715, 0.24999999999999994, 0.0, 3.999999999999999, 2.000000000000001, 1.0, 1.0, 5.0, 0.49999999999999956, 2.5000000000000004, 1.9999999999999993, 2.000000000000001, 2.5000000000000004, 0.24999999999999978, 1.0]
Solution mochila: 53.1638888889
Padrão novo: [-0.0, -0.0, 1.0, -0.0, 0.0, 0.0, 0.0, 0.0, 0.0, 0.0, -0.0, 0.0, 0.0, 0.0, 0.0, 2.0, 0.0, 0.0, 1.0, -0.0]
Função Objetivo: 32.0880952381
Solution: [0.0, 0.0, 0.0, 0.0, 1.5, 0.0, 0.0, 0.0, 0.0, 2.333333333333333, 0.0, 0.0, 0.625, 0.0, 0.3999999999999998, 0.40000000000000074, 1.5, 0.5714285714285715, 0.0, 0.1, 3.999999999999999, 1.000000000000002, 0.0, 1.0, 3.000000000000001, 0.0, 3.0, 2.999999999999999, 3.0, 2.5000000000000004, 0.0, 1.0, 2.9999999999999982]
Solution mochila: 53.1428571429
Padrão novo: [0.0, 0.0, 0.0, 0.0, 0.0, 0.0, 0.0, 0.0, 0.0, 0.0, 0.0, 0.0, 0.0, 0.0, 0.0, 5.0, 0.0, 1.0, 0.0, 0.0]
Função Objetivo: 31.9297619048
Solution: [0.0, 0.0, 0.0, 0.0, 1.5, 0.0, 0.0, 0.0, 0.0, 2.333333333333333, 0.0, 0.0, 0.625, 0.0, 0.0, 0.0, 1.4444444444444444, 0.4, 0.08333333333333326, 0.1, 3.999999999999999, 2.3333333333333344, 0.0, 1.0, 5.0, 0.6666666666666663, 2.333333333333334, 2.3333333333333326, 1.6666666666666674, 2.5000000000000004, 0.33333333333333304, 1.0, 1.0, 1.2000000000000002]
Solution mochila: 53.0833333333
Padrão novo: [-0.0, -0.0, -0.0, -0.0, -0.0, -0.0, -0.0, -0.0, -0.0, -0.0, -0.0, -0.0, -0.0, -0.0, -0.0, -0.0, 5.00000000000001, -0.0, 1.9999999999999867, -0.0]
Função Objetivo: 31.8527777778
Solution: [0.0, 0.0, 0.0, 0.0, 1.5, 0.0, 0.0, 0.0, 0.0, 2.333333333333333, 0.0, 0.0, 0.625, 0.0, 0.0, 0.0, 0.6249999999999932, 0.34285714285714297, 0.0, 0.0, 3.999999999999999, 2.000000000000001, 1.0, 1.0, 5.0, 0.49999999999999956, 2.5000000000000004, 1.9999999999999993, 2.000000000000001, 2.5000000000000004, 0.24999999999999978, 1.0, 0.0, 1.6, 1.0000000000000064]
Solution mochila: 53.0833333333
Padrão novo: [-0.0, -0.0, -0.0, -0.0, -0.0, -0.0, -0.0, -0.0, -0.0, -0.0, -0.0, -0.0, 1.0, -0.0, -0.0, -0.0, 5.0, 0.0, -0.0, -0.0]
Função Objetivo: 31.7761904762
Solution: [0.0, 0.0, 0.0, 0.0, 1.5, 0.0, 0.0, 0.0, 0.0, 2.333333333333333, 0.0, 0.0, 0.19166666666666665, 0.0, 0.0, 0.0, 0.0, 0.4, 0.08333333333333326, 0.1, 3.999999999999999, 2.3333333333333344, 0.0, 1.0, 5.0, 0.6666666666666663, 2.333333333333334, 2.3333333333333326, 1.6666666666666674, 2.5000000000000004, 0.33333333333333304, 1.0, 1.0, 1.2000000000000002, 0.0, 1.7333333333333334]
Solution mochila: 53.0714285714
Padrão novo: [0.0, 0.0, 0.0, 0.0, 0.0, 0.0, 0.0, 0.0, 0.0, 0.0, 0.0, 0.0, 2.0, 0.0, 0.0, 0.0, 0.0, 4.0, 0.0, 0.0]
Função Objetivo: 31.7083333333
Solution: [0.0, 0.0, 0.0, 0.0, 1.5, 0.0, 0.0, 0.0, 0.0, 2.333333333333333, 0.0, 0.0, 0.0, 0.0, 0.0, 0.0, 0.0, 0.0, 0.0, 0.06470588235294167, 3.999999999999999, 2.2156862745098063, 0.35294117647058343, 1.0, 5.0, 0.607843137254902, 2.392156862745098, 2.215686274509804, 1.784313725490196, 2.5000000000000004, 0.303921568627451, 1.0, 0.6470588235294166, 1.3411764705882334, 0.5686274509803924, 1.1705882352941162, 0.6647058823529419]
Solution mochila: 53.0274509804
Padrão novo: [0.0, 0.0, 0.0, 0.0, 1.0, 0.0, 0.0, 0.0, 0.0, 1.0, 0.0, 0.0, 0.0, 0.0, 1.0, 0.0, 0.0, 0.0, 0.0, 0.0]
Função Objetivo: 31.662745098
Solution: [0.0, 0.0, 0.0, 0.0, 0.7500000000000004, 0.0, 0.0, 0.0, 0.0, 1.8333333333333335, 0.0, 0.0, 0.0, 0.0, 0.0, 0.0, 0.0, 0.014285714285712514, 0.0, 0.0, 3.999999999999999, 1.0000000000000018, 1.0, 1.0, 3.500000000000001, 0.0, 3.0, 2.499999999999999, 3.0, 2.5000000000000004, 0.0, 1.0, 1.4999999999999991, 1.0000000000000004, 0.7500000000000048, 1.0499999999999936, 0.7250000000000032, 1.4999999999999991]
Solution mochila: 53.0476190476
Padrão novo: [-0.0, -0.0, -0.0, -0.0, 0.0, -0.0, -0.0, -0.0, -0.0, 1.000000000000001, -0.0, -0.0, -0.0, -0.0, -0.0, -0.0, -0.0, 4.999999999999998, -0.0, -0.0]
Função Objetivo: 31.6226190476
Solution: [0.0, 0.0, 0.0, 0.0, 0.5000000000000004, 0.0, 0.0, 0.0, 0.0, 1.5199999999999998, 0.0, 0.0, 0.0, 0.0, 0.0, 0.0, 0.0, 0.0, 0.0, 0.1, 3.999999999999999, 1.000000000000002, 0.0, 1.0, 3.000000000000001, 0.0, 3.0, 2.999999999999999, 3.0, 2.5000000000000004, 0.0, 1.0, 2.9999999999999982, 0.40000000000000074, 0.0, 1.8, 0.35, 1.9999999999999991, 0.4400000000000002]
Solution mochila: 53.0911111111
Padrão novo: [1.0, -0.0, -0.0, -0.0, 0.0, -0.0, 0.0, 0.0, 0.0, 0.0, -0.0, 1.0, 0.0, 0.0, 0.0, 0.0, 1.0, 0.0, 0.0, -0.0]
Função Objetivo: 31.61
Solution: [0.0, 0.0, 0.0, 0.0, 0.0, 0.0, 0.0, 0.0, 0.0, 1.2466666666666668, 0.0, 0.0, 0.0, 0.0, 0.0, 0.0, 0.0, 0.0, 0.0, 0.0, 3.999999999999999, 1.0000000000000018, 1.0, 1.0, 2.0000000000000018, 0.0, 1.5000000000000009, 2.499999999999999, 3.0, 2.5000000000000004, 0.7499999999999996, 1.0, 2.9999999999999982, 0.40000000000000074, 0.0, 1.3500000000000003, 0.5749999999999997, 2.9999999999999982, 0.26000000000000034, 1.4999999999999991]
Solution mochila: 53.045
Padrão novo: [-0.0, -0.0, 0.0, 1.0, 1.0, 0.0, 0.0, 0.0, 0.0, 0.0, -0.0, 0.0, 0.0, 0.0, 0.0, 0.0, 0.0, 0.0, 0.0, -0.0]
Função Objetivo: 31.5816666667
Solution: [0.0, 0.0, 0.0, 0.0, 0.0, 0.0, 0.0, 0.0, 0.0, 1.2466666666666666, 0.0, 0.0, 0.0, 0.0, 0.0, 0.0, 0.0, 0.0, 0.0, 0.0, 3.999999999999999, 1.000000000000001, 1.0, 1.0, 2.000000000000001, 0.0, 1.5, 2.499999999999999, 3.0, 2.5000000000000004, 0.75, 1.0, 2.999999999999999, 0.4000000000000003, 0.0, 1.35, 0.575, 2.999999999999999, 0.2600000000000003, 1.5, 0.0]
Solution mochila: 53.0133333333
Padrão novo: [0.0, 0.0, 0.0, 0.0, 0.0, 0.0, 0.0, 0.0, 0.0, 2.0, 0.0, 0.0, 0.0, 0.0, 0.0, 2.0, 0.0, 0.0, 0.0, 0.0]
Função Objetivo: 31.5816666667
Solution: [0.0, 0.0, 0.0, 0.0, 0.0, 0.0, 0.0, 0.0, 0.0, 0.15151515151515782, 0.0, 0.0, 0.0, 0.0, 0.0, 0.0, 0.0, 0.0, 0.0, 0.0, 3.999999999999999, 0.0, 1.0, 1.0, 3.545454545454526, 0.27272727272726316, 2.727272727272737, 3.0, 2.4545454545454737, 2.5000000000000004, 0.13636363636363158, 1.0, 1.4545454545454741, 0.0, 1.2727272727272716, 0.49999999999999956, 1.0000000000000002, 1.4545454545454741, 0.0, 0.0, 1.5454545454545259, 2.545454545454526]
Solution mochila: 53.0303030303
Padrão novo: [0.0, 0.0, 1.0, 0.0, 0.0, 0.0, 0.0, 0.0, 0.0, 0.0, 0.0, 0.0, 2.0, 0.0, 0.0, 0.0, 0.0, 0.0, 0.0, 0.0]
Função Objetivo: 31.5606060606
Solution: [0.0, 0.0, 0.0, 0.0, 0.0, 0.0, 0.0, 0.0, 0.0, 0.0, 0.0, 0.0, 0.0, 0.0, 0.0, 0.0, 0.0, 0.0, 0.0, 0.0, 3.999999999999999, 0.0, 1.0, 1.0, 4.192307692307667, 0.5961538461538325, 2.4038461538461675, 3.0, 1.8076923076923355, 2.5000000000000004, 0.29807692307691613, 1.0, 0.519230769230796, 0.15384615384614828, 1.7403846153846134, 0.0, 0.9615384615384632, 0.8076923076923332, 0.0, 0.0, 2.1923076923076668, 3.0961538461538334, 0.2884615384615368]
Solution mochila: 53.0
Padrão novo: [0.0, 0.0, 0.0, 0.0, 0.0, 0.0, 0.0, 0.0, 1.0, 2.0, 0.0, 0.0, 0.0, 0.0, 0.0, 0.0, 0.0, 0.0, 0.0, 0.0]
Função Objetivo: 31.5576923077
