Solution: [5.0, 1.5, 3.5, 0.5, 1.0, 1.5, 3.0, 3.0, 1.3333333333333333, 3.0, 2.6666666666666665, 1.5, 0.25, 0.8, 0.8, 0.3333333333333333, 1.1428571428571428, 1.0, 0.6666666666666666, 0.18181818181818182]
Solution mochila: 59.3409090909
Padrão novo: [0.0, 0.0, 0.0, 0.0, 0.0, 0.0, 2.0, 0.0, 0.0, 0.0, 0.0, 0.0, 1.0, 0.0, 0.0, 0.0, 0.0, 0.0, 0.0, 1.0]
Função Objetivo: 32.6746753247
Solution: [5.0, 1.5, 3.5, 0.5, 1.0, 1.5, 1.0, 3.0, 1.3333333333333333, 3.0, 2.6666666666666665, 1.5, 0.0, 0.8, 0.8, 0.3333333333333333, 1.1428571428571428, 1.0, 0.6666666666666666, 0.0, 2.0]
Solution mochila: 59.3428571429
Padrão novo: [0.0, 0.0, 0.0, 0.0, 0.0, 0.0, 2.0, 0.0, 0.0, 0.0, 0.0, 0.0, 0.0, 0.0, 1.0, 0.0, 1.0, 0.0, 0.0, 0.0]
Função Objetivo: 32.2428571429
Solution: [5.0, 1.5, 3.5, 0.5, 1.0, 1.5, 0.0, 3.0, 1.3333333333333333, 3.0, 2.6666666666666665, 1.5, 0.25, 0.8, 0.19999999999999996, 0.3333333333333333, 0.7142857142857142, 1.0, 0.6666666666666666, 0.18181818181818182, 0.0, 3.0]
Solution mochila: 59.3333333333
Padrão novo: [-0.0, -0.0, -0.0, -0.0, 1.0, 1.0, -0.0, -0.0, -0.0, 0.0, 1.0, 0.0, -0.0, 0.0, 0.0, 0.0, 0.0, 0.0, 0.0, 0.0]
Função Objetivo: 31.6461038961
Solution: [5.0, 1.5, 3.5, 0.5, 0.0, 0.5, 0.0, 3.0, 1.3333333333333333, 3.0, 2.0, 1.5, 0.25, 0.8, 0.19999999999999996, 0.3333333333333333, 0.7142857142857142, 1.0, 0.6666666666666666, 0.18181818181818182, 0.0, 3.0, 2.0]
Solution mochila: 59.3111111111
Padrão novo: [0.0, 0.0, 0.0, 0.0, 0.0, 2.0, 0.0, 0.0, 0.0, 0.0, 0.0, 0.0, 0.0, 0.0, 1.0, 0.0, 0.0, 0.0, 1.0, 0.0]
Função Objetivo: 30.9794372294
Solution: [5.0, 1.5, 3.5, 0.5, 0.0, 0.0, 0.0, 3.0, 1.3333333333333333, 3.0, 2.0, 1.5, 0.25, 0.8, 0.09999999999999998, 0.3333333333333333, 0.7142857142857142, 1.0, 0.611111111111111, 0.18181818181818182, 0.0, 3.0, 2.0, 0.5]
Solution mochila: 59.2575757576
Padrão novo: [-0.0, -0.0, -0.0, 1.0, -0.0, -0.0, -0.0, -0.0, -0.0, -0.0, 1.9999999999999996, -0.0, -0.0, -0.0, 0.0, -0.0, -0.0, -0.0, -0.0, 1.0]
Função Objetivo: 30.8238816739
Solution: [5.0, 1.5, 3.5, 0.0, 0.0, 0.0, 0.0, 3.0, 1.3333333333333333, 3.0, 1.3333333333333335, 1.5, 0.25, 0.8, 0.09999999999999998, 0.3333333333333333, 0.7142857142857142, 1.0, 0.611111111111111, 0.09090909090909091, 0.0, 3.0, 2.0, 0.5, 1.0]
Solution mochila: 59.25
Padrão novo: [-0.0, -0.0, -0.0, -0.0, -0.0, -0.0, -0.0, -0.0, -0.0, -0.0, 3.0, -0.0, 1.0, -0.0, -0.0, -0.0, -0.0, -0.0, -0.0, -0.0]
Função Objetivo: 30.5663059163
Solution: [5.0, 1.5, 3.5, 0.0, 0.0, 0.0, 0.0, 3.0, 1.3333333333333333, 3.0, 0.3333333333333335, 1.5, 0.0, 0.8, 0.09999999999999998, 0.3333333333333333, 0.7142857142857142, 1.0, 0.611111111111111, 0.09090909090909091, 0.0, 3.0, 2.0, 0.5, 1.0, 1.0]
Solution mochila: 59.2361111111
Padrão novo: [-0.0, -0.0, -0.0, -0.0, -0.0, -0.0, -0.0, -0.0, 0.0, -0.0, 2.9999999999999987, 0.0, -0.0, -0.0, -0.0, -0.0, 0.0, 0.9999999999999991, 1.0000000000000044, -0.0]
Função Objetivo: 30.3163059163
Solution: [5.0, 1.5, 3.5, 0.0, 0.0, 0.0, 0.0, 3.0, 1.3333333333333333, 3.0, 0.0, 1.5, 0.0, 0.8, 0.09999999999999998, 0.3333333333333333, 0.7142857142857142, 0.9583333333333334, 0.5740740740740738, 0.09090909090909091, 0.0, 3.0, 2.0, 0.5, 1.0, 1.0, 0.3333333333333336]
Solution mochila: 59.1444444444
Padrão novo: [0.0, -0.0, 1.0000000000000007, 0.0, -0.0, -0.0, -0.0, -0.0, -0.0, 1.0000000000000002, -0.0, -0.0, -0.0, -0.0, 0.9999999999999978, -0.0, -0.0, -0.0, 1.0, -0.0]
Função Objetivo: 30.2376022126
Solution: [5.0, 1.5, 2.749999999999998, 0.0, 0.0, 0.0, 0.0, 3.0, 1.3333333333333333, 2.4999999999999987, 0.0, 1.5, 0.0, 0.8, 0.0, 0.3333333333333333, 0.8571428571428571, 0.8333333333333334, 0.29629629629629517, 0.0, 1.0, 2.0, 2.0, 0.5, 1.0, 0.0, 1.333333333333334, 1.5000000000000036]
Solution mochila: 59.1693121693
Padrão novo: [-0.0, -0.0, 0.0, 1.0, -0.0, 0.0, 1.0, -0.0, -0.0, 0.0, -0.0, -0.0, -0.0, 0.0, -0.0, 1.0, 0.0, 0.0, 1.0, -0.0]
Função Objetivo: 30.0367724868
Solution: [5.0, 1.5, 2.4999999999999973, 0.0, 0.0, 0.0, 0.0, 3.0, 1.3333333333333333, 2.3333333333333317, 0.0, 1.5, 0.0, 0.8, 0.0, 0.16666666666666666, 0.9285714285714285, 0.7500000000000001, 0.05555555555555397, 0.09090909090909091, 1.0, 1.5, 2.0, 0.5, 0.0, 0.0, 2.000000000000001, 2.0000000000000044, 1.0]
Solution mochila: 59.1507936508
Padrão novo: [-0.0, 0.0, 0.0, -0.0, -0.0, 1.0, 1.0, 0.0, 0.0, 1.0, 0.0, 0.0, -0.0, 0.0, -0.0, 0.0, 0.0, 0.0, 0.0, 0.0]
Função Objetivo: 29.9583694084
Solution: [5.0, 1.5, 1.9999999999999956, 0.0, 0.0, 0.0, 0.0, 3.0, 1.3333333333333333, 1.666666666666664, 0.0, 1.5, 0.0, 0.8, 0.0, 0.16666666666666666, 1.0, 0.7500000000000001, 0.0, 0.09090909090909091, 1.0, 1.0, 2.0, 0.0, 0.0, 0.0, 2.000000000000001, 3.0000000000000067, 1.0, 1.0]
Solution mochila: 59.2165704666
Padrão novo: [0.0, 0.0, 0.0, -0.0, 2.0, 0.0, 0.0, 0.0, 0.0, 0.0, 0.0, 0.0, -0.0, 0.0, 0.0, 1.0, 0.0, 0.0, 0.0, 1.0]
Função Objetivo: 29.8075757576
Solution: [5.0, 1.5, 1.7999999999999983, 0.0, 0.0, 0.0, 0.0, 3.0, 1.3333333333333333, 0.866666666666666, 0.0, 1.5, 0.0, 0.8, 0.0, 0.06666666666666735, 1.0571428571428563, 0.7500000000000009, 0.0, 0.0, 0.5999999999999959, 0.6000000000000063, 0.0, 0.0, 0.40000000000000413, 0.40000000000000413, 1.9999999999999942, 3.4000000000000012, 0.5999999999999959, 3.0, 1.0]
Solution mochila: 59.1428571429
Padrão novo: [-0.0, -0.0, 2.0000000000000018, -0.0, -0.0, -0.0, -0.0, -0.0, -0.0, 0.0, -0.0, -0.0, -0.0, -0.0, -0.0, -0.0, 1.0000000000000018, -0.0, -0.0, -0.0]
Função Objetivo: 29.6738095238
Solution: [5.0, 1.5, 0.0, 0.0, 0.0, 0.0, 0.0, 3.0, 1.3333333333333333, 0.866666666666666, 0.0, 1.5, 0.0, 0.8, 0.0, 0.06666666666666735, 0.7999999999999992, 0.7500000000000009, 0.0, 0.0, 0.5999999999999959, 0.6000000000000063, 0.0, 0.0, 0.40000000000000413, 0.40000000000000413, 1.9999999999999942, 3.4000000000000012, 0.5999999999999959, 3.0, 1.0, 1.7999999999999967]
Solution mochila: 59.125
Padrão novo: [0.0, 0.0, 0.0, -0.0, 0.0, -0.0, 0.0, 0.0, 0.0, 3.0, 0.0, 0.0, -0.0, 0.0, 0.0, 0.0, 0.0, 1.0, 0.0, 0.0]
Função Objetivo: 29.4166666667
Solution: [5.0, 1.5, 0.0, 0.0, 0.0, 0.0, 0.0, 3.0, 1.3333333333333333, 0.0, 0.0, 1.5, 0.0, 0.8, 0.0, 0.0, 0.4821428571428554, 0.34027777777777857, 0.0, 0.007575757575758249, 0.9166666666666593, 1.5833333333333406, 0.0, 1.5, 0.0, 0.0833333333333407, 2.5833333333333273, 0.9166666666666612, 1.0, 0.0, 1.0, 3.0416666666666665, 2.6944444444444464]
Solution mochila: 59.0666666667
Padrão novo: [0.0, 0.0, 0.0, 0.0, 0.0, 0.0, 0.0, 0.0, 2.0, 0.0, 0.0, 0.0, 0.0, 2.0, 0.0, 0.0, 0.0, 0.0, 0.0, 0.0]
Função Objetivo: 29.2827741703
Solution: [5.0, 1.5, 0.0, 0.0, 0.0, 0.0, 0.0, 3.0, 0.0, 0.0, 0.0, 1.5, 0.0, 0.0, 0.0, 0.0, 0.4821428571428554, 0.34027777777777857, 0.0, 0.007575757575758249, 0.9166666666666593, 1.5833333333333406, 0.0, 1.5, 0.0, 0.0833333333333407, 2.5833333333333273, 0.9166666666666612, 1.0, 0.0, 1.0, 3.0416666666666665, 2.6944444444444464, 2.0]
Solution mochila: 59.0670995671
Padrão novo: [0.0, 1.0, 0.0, 0.0, 0.0, 0.0, 0.0, 0.0, 1.0, 0.0, 0.0, 0.0, 0.0, 0.0, 0.0, 0.0, 1.0, 0.0, 0.0, 1.0]
Função Objetivo: 29.1494408369
Solution: [5.0, 0.5, 0.0, 0.0, 0.0, 0.0, 0.0, 3.0, 0.0, 0.0, 0.0, 1.5, 0.0, 0.4, 0.0, 0.16666666666666666, 0.07142857142857134, 0.5416666666666667, 0.27777777777777696, 0.0, 0.0, 2.5, 2.0, 0.5, 0.0, 1.0, 1.0000000000000004, 1.0000000000000027, 1.0, 0.0, 0.0, 2.9999999999999956, 2.6666666666666656, 1.0, 2.0]
Solution mochila: 59.0694444444
Padrão novo: [-0.0, 1.0, -0.0, -0.0, -0.0, -0.0, -0.0, -0.0, -0.0, -0.0, -0.0, -0.0, 0.0, 0.0, -0.0, 2.0, 0.0, 1.0, 1.0, -0.0]
Função Objetivo: 29.1242063492
Solution: [5.0, 0.25, 0.0, 0.0, 0.0, 0.0, 0.0, 3.0, 0.0, 0.0, 0.0, 1.5, 0.0, 0.4, 0.0, 0.0, 0.07142857142857134, 0.4791666666666668, 0.2222222222222214, 0.0, 0.0, 2.5, 2.0, 0.5, 0.0, 1.0, 1.0000000000000004, 1.0000000000000027, 1.0, 0.0, 0.0, 2.9999999999999956, 2.6666666666666656, 1.0, 2.0, 0.5]
Solution mochila: 59.0694444444
Padrão novo: [-0.0, 0.9999999999999991, -0.0, -0.0, -0.0, -0.0, -0.0, -0.0, -0.0, -0.0, -0.0, -0.0, -0.0, 0.0, -0.0, -0.0, -0.0, 1.000000000000001, 4.0000000000000036, -0.0]
Função Objetivo: 29.089484127
Solution: [5.0, 0.041666666666667906, 0.0, 0.0, 0.0, 0.0, 0.0, 3.0, 0.0, 0.0, 0.0, 1.5, 0.0, 0.19999999999999996, 0.0, 0.0, 0.10714285714285682, 0.3645833333333335, 0.0, 0.0, 0.0, 3.0, 2.0, 0.5, 1.0, 1.0, 0.3333333333333336, 0.5000000000000013, 0.0, 0.0, 0.0, 3.2499999999999964, 2.833333333333333, 1.5, 1.0, 1.0, 0.916666666666665]
Solution mochila: 59.0720238095
Padrão novo: [-0.0, 1.0, -0.0, 0.0, -0.0, -0.0, -0.0, -0.0, -0.0, -0.0, -0.0, 0.0, -0.0, 1.0, 2.0, -0.0, 0.0, 0.0, -0.0, -0.0]
Função Objetivo: 29.0467261905
Solution: [5.0, 0.0, 0.0, 0.0, 0.0, 0.0, 0.0, 3.0, 0.0, 0.0, 0.0, 1.5, 0.0, 0.0, 0.0, 0.0, 0.2120181405895687, 0.2867063492063496, 0.0, 0.0, 0.46825396825396726, 2.4841269841269833, 2.0, 0.4523809523809508, 1.0, 0.5317460317460327, 0.801587301587301, 0.0, 0.0, 0.09523809523809845, 0.0, 3.499999999999997, 2.968253968253967, 1.7341269841269837, 0.5317460317460327, 1.0, 0.936507936507935, 0.5317460317460327]
Solution mochila: 59.0357142857
Padrão novo: [-0.0, -0.0, -0.0, -0.0, -0.0, -0.0, -0.0, -0.0, -0.0, -0.0, -0.0, 3.0, -0.0, -0.0, -0.0, -0.0, 2.0, -0.0, -0.0, -0.0]
Função Objetivo: 29.0344387755
Solution: [5.0, 0.0, 0.0, 0.0, 0.0, 0.0, 0.0, 3.0, 0.0, 0.0, 0.0, 0.4296875000000022, 0.0, 0.0, 0.0, 0.0, 0.0, 0.3437500000000004, 0.0, 0.0, 0.9583333333333321, 1.0416666666666679, 2.0, 0.0, 0.0, 0.04166666666666785, 1.958333333333333, 0.874999999999998, 1.0, 1.0, 0.0, 3.0624999999999982, 2.3750000000000004, 1.479166666666666, 1.0416666666666679, 0.5, 0.4166666666666648, 1.0416666666666679, 1.4270833333333304]
Solution mochila: 59.03125
Padrão novo: [0.0, 0.0, 0.0, 0.0, 0.0, 0.0, 0.0, 1.0, 1.0, 0.0, 0.0, 0.0, 0.0, 0.0, 0.0, 0.0, 0.0, 3.0, 0.0, 0.0]
Função Objetivo: 28.9921875
Solution: [5.0, 0.0, 0.0, 0.0, 0.0, 0.0, 0.0, 2.6414141414141414, 0.0, 0.0, 0.0, 0.2547348484848513, 0.0, 0.0, 0.0, 0.0, 0.0, 0.0, 0.0, 0.0, 0.3989898989898979, 0.6010101010101021, 0.0, 0.0, 0.0, 0.6010101010101021, 2.0656565656565653, 0.04545454545454154, 1.0, 3.0, 1.0, 3.477272727272726, 1.9848484848484862, 1.1616161616161609, 0.6010101010101021, 0.0, 0.7222222222222203, 1.6767676767676782, 1.6603535353535317, 1.0757575757575761]
Solution mochila: 59.0265151515
Padrão novo: [0.0, 1.0, 0.0, 0.0, 0.0, 0.0, 0.0, 0.0, 0.0, 1.0, 0.0, 1.0, 0.0, 0.0, 0.0, 0.0, 0.0, 0.0, 0.0, 0.0]
Função Objetivo: 28.9681186869
Solution: [5.0, 0.0, 0.0, 0.0, 0.0, 0.0, 0.0, 2.5933058230169643, 0.0, 0.0, 0.0, 0.0, 0.0, 0.0, 0.0, 0.0, 0.0, 0.0, 0.0, 0.0, 0.26822558459422363, 1.0976616231086647, 0.0, 0.0, 0.7317744154057764, 0.7317744154057764, 1.4470426409903734, 0.46217331499312236, 0.26822558459422363, 3.0, 1.0, 3.268913342503436, 1.6626547455295726, 1.3899587345254465, 0.0, 0.3658872077028882, 0.8641678129298458, 1.220082530949107, 1.8167125171939467, 1.220082530949107, 0.54986244841816]
Solution mochila: 59.0116918845
Padrão novo: [0.0, 0.0, 0.0, 0.0, 0.0, 0.0, 1.0, 2.0, 0.0, 0.0, 0.0, 0.0, 0.0, 0.0, 0.0, 0.0, 0.0, 0.0, 0.0, 0.0]
Função Objetivo: 28.9585052728
Solution: [5.0, 0.0, 0.0, 0.0, 0.0, 0.0, 0.0, 0.0, 0.0, 0.0, 0.0, 0.0, 0.0, 0.0, 0.0, 0.0, 0.0, 0.0, 0.0, 0.0, 0.6206896551724155, 0.0, 1.1407459535538433, 0.9296270232230783, 0.33673469387755406, 0.3793103448275845, 1.6826178747360991, 0.22589725545391004, 0.6632653061224459, 0.0, 0.42962702322307833, 3.3870513722730418, 2.9247009148486964, 1.288881069669247, 0.6129486277269521, 0.45355383532723786, 0.5112596762843048, 1.422237860661506, 2.0, 0.8092892329345539, 0.0, 4.095355383532723]
Solution mochila: 59.0
Padrão novo: [2.0, -0.0, -0.0, -0.0, -0.0, -0.0, -0.0, -0.0, -0.0, -0.0, -0.0, -0.0, -0.0, -0.0, -0.0, -0.0, -0.0, -0.0, -0.0, -0.0]
Função Objetivo: 28.9137931034
