Solution: [1.5, 1.0, 4.5, 2.0, 3.0, 5.0, 4.0, 3.5, 0.3333333333333333, 2.0, 2.0, 0.5, 0.75, 1.8, 1.4000000000000001, 0.6666666666666666, 0.8333333333333333, 1.0, 0.125, 0.30000000000000004]
Solution mochila: 62.35
Padrão novo: [0.0, 0.0, 0.0, 0.0, 0.0, 0.0, 0.0, 2.0, 0.0, 0.0, 0.0, 0.0, 1.0, 0.0, 0.0, 0.0, 0.0, 0.0, 0.0, 1.0]
Função Objetivo: 36.2083333333
Solution: [1.5, 1.0, 4.5, 2.0, 3.0, 5.0, 4.0, 0.5, 0.3333333333333333, 2.0, 2.0, 0.5, 0.0, 1.8, 1.4000000000000001, 0.6666666666666666, 0.8333333333333333, 1.0, 0.125, 0.0, 3.0]
Solution mochila: 62.3428571429
Padrão novo: [0.0, 0.0, 0.0, 0.0, 0.0, 0.0, 0.0, 2.0, 0.0, 0.0, 0.0, 0.0, 0.0, 0.0, 1.0, 0.0, 0.0, 1.0, 0.0, 0.0]
Função Objetivo: 35.1583333333
Solution: [1.5, 1.0, 4.5, 2.0, 3.0, 5.0, 4.0, 0.0, 0.3333333333333333, 2.0, 2.0, 0.5, 0.0, 1.8, 1.3, 0.6666666666666666, 0.8333333333333333, 0.9285714285714286, 0.125, 0.0, 3.0, 0.5]
Solution mochila: 62.3333333333
Padrão novo: [-0.0, -0.0, -0.0, -0.0, -0.0, 0.0, 2.0, -0.0, -0.0, 1.0000000000000009, -0.0, -0.0, -0.0, -0.0, -0.0, -0.0, -0.0, -0.0, -0.0, -0.0]
Função Objetivo: 34.9869047619
Solution: [1.5, 1.0, 4.5, 2.0, 3.0, 5.0, 0.0, 0.0, 0.3333333333333333, 0.6666666666666656, 2.0, 0.5, 0.0, 1.8, 1.3, 0.6666666666666666, 0.8333333333333333, 0.9285714285714286, 0.125, 0.0, 3.0, 0.5, 4.0]
Solution mochila: 62.2678571429
Padrão novo: [0.0, 0.0, 0.0, 0.0, 0.0, 2.0, 0.0, 0.0, 0.0, 0.0, 0.0, 0.0, 0.0, 0.0, 0.0, 0.0, 0.0, 1.0, 1.0, 0.0]
Função Objetivo: 33.6535714286
Solution: [1.5, 1.0, 4.5, 2.0, 3.0, 0.0, 0.0, 0.0, 0.3333333333333333, 0.6666666666666656, 2.0, 0.5, 0.0, 1.8, 1.3, 0.6666666666666666, 0.8333333333333333, 0.2142857142857144, 0.0, 0.0, 3.0, 0.5, 4.0, 5.0]
Solution mochila: 62.25
Padrão novo: [0.0, 0.0, 0.0, 0.0, 2.0, 0.0, 0.0, 0.0, -0.0, 0.0, 0.0, 0.0, 1.0, 0.0, 0.0, 0.0, 0.0, 0.0, -0.0, 0.0]
Função Objetivo: 32.8142857143
Solution: [1.5, 1.0, 4.5, 2.0, 0.0, 1.5, 0.0, 0.0, 0.3333333333333333, 0.6666666666666656, 2.0, 0.5, 0.0, 1.8, 0.7000000000000001, 0.6666666666666666, 0.8333333333333333, 0.0, 0.0, 0.30000000000000004, 0.0, 3.5, 4.0, 3.5, 3.0]
Solution mochila: 62.2666666667
Padrão novo: [0.0, 0.0, 0.0, 0.0, 0.0, 2.0, 0.0, 0.0, -0.0, 0.0, 0.0, 0.0, 0.0, 0.0, 0.0, 0.0, 1.0, 0.0, -0.0, 1.0]
Função Objetivo: 32.3
Solution: [1.5, 1.0, 4.5, 2.0, 0.0, 0.0, 0.0, 0.0, 0.3333333333333333, 0.6666666666666656, 2.0, 0.5, 0.0, 1.8, 0.7000000000000001, 0.6666666666666666, 0.16666666666666663, 0.3571428571428572, 0.0, 0.0, 0.0, 3.5, 4.0, 1.0, 3.0, 4.0]
Solution mochila: 62.2
Padrão novo: [-0.0, 0.0, 0.0, 0.0, 1.0, 0.0, -0.0, 0.0, -0.0, 1.0, 0.0, 0.0, -0.0, 0.0, 1.0, 0.0, 1.0, 0.0, -0.0, -0.0]
Função Objetivo: 31.6904761905
Solution: [1.5, 1.0, 4.5, 2.0, 0.0, 0.0, 0.0, 0.0, 0.3333333333333333, 0.0, 2.0, 0.5, 0.24999999999999956, 1.8, 0.3000000000000008, 0.6666666666666666, 0.0, 0.2142857142857148, 0.0, 0.0, 0.0, 3.5, 4.0, 1.9999999999999964, 2.0000000000000018, 3.0000000000000036, 1.9999999999999964]
Solution mochila: 62.2
Padrão novo: [0.0, 0.0, 0.0, 2.0, 0.0, 0.0, 0.0, 0.0, -0.0, 0.0, 0.0, 0.0, 0.0, 0.0, 1.0, 0.0, 0.0, 0.0, -0.0, 0.0]
Função Objetivo: 31.5642857143
Solution: [1.5, 1.0, 4.5, 0.0, 0.0, 0.0, 0.0, 0.0, 0.3333333333333333, 0.16666666666666563, 2.0, 0.5, 0.1875, 1.8, 0.0, 0.6666666666666666, 0.0, 0.2857142857142857, 0.0, 0.0, 0.0, 3.5, 4.0, 1.5, 2.25, 3.5, 1.5, 2.0]
Solution mochila: 62.1666666667
Padrão novo: [-0.0, -0.0, -0.0, -0.0, -0.0, -0.0, -0.0, -0.0, -0.0, 2.999999999999998, -0.0, -0.0, 0.0, -0.0, -0.0, 1.0000000000000013, -0.0, 0.0, -0.0, -0.0]
Função Objetivo: 31.1898809524
Solution: [1.5, 1.0, 4.5, 0.0, 0.0, 0.0, 0.0, 0.0, 0.3333333333333333, 0.0, 2.0, 0.5, 0.125, 1.8, 0.10000000000000009, 0.611111111111111, 0.0, 0.3571428571428572, 0.0, 0.0, 0.0, 3.5, 4.0, 1.0, 2.5, 4.0, 1.0, 2.0, 0.3333333333333328]
Solution mochila: 62.15
Padrão novo: [-0.0, -0.0, -0.0, -0.0, -0.0, 0.0, -0.0, -0.0, 0.0, -0.0, -0.0, -0.0, 3.0, -0.0, 1.9999999999999996, -0.0, -0.0, -0.0, -0.0, -0.0]
Função Objetivo: 31.1599206349
Solution: [1.5, 1.0, 4.5, 0.0, 0.0, 0.0, 0.0, 0.0, 0.3333333333333333, 0.0, 2.0, 0.5, 0.0, 1.8, 0.0, 0.6180555555555556, 0.0, 0.3392857142857143, 0.0, 0.0, 0.0, 3.5, 4.0, 1.125, 2.4374999999999996, 3.875, 1.125, 2.0, 0.2916666666666661, 0.1875000000000001]
Solution mochila: 62.1071428571
Padrão novo: [-0.0, -0.0, -0.0, -0.0, -0.0, 2.0, -0.0, -0.0, -0.0, -0.0, 1.0, 0.0, -0.0, -0.0, -0.0, -0.0, -0.0, 0.0, -0.0, -0.0]
Função Objetivo: 31.1323412698
Solution: [1.5, 1.0, 4.5, 0.0, 0.0, 0.0, 0.0, 0.0, 0.3333333333333333, 0.0, 1.75, 0.5, 0.0, 1.8, 0.0, 0.6180555555555556, 0.14583333333333326, 0.35714285714285715, 0.0, 0.0, 0.0, 3.5, 4.0, 1.0, 2.4374999999999996, 3.0, 1.125, 2.0, 0.2916666666666661, 0.1875000000000001, 1.0]
Solution mochila: 62.119047619
Padrão novo: [-0.0, -0.0, -0.0, -0.0, -0.0, -0.0, -0.0, -0.0, 1.0, -0.0, -0.0, -0.0, -0.0, -0.0, -0.0, -0.0, 3.0000000000000027, 1.9999999999999962, -0.0, -0.0]
Função Objetivo: 31.046031746
Solution: [1.5, 1.0, 4.5, 0.0, 0.0, 0.0, 0.0, 0.0, 0.0, 0.0, 1.2187499999999993, 0.5, 0.0, 1.8, 0.0, 0.6180555555555556, 0.0, 0.07142857142857201, 0.0, 0.2125000000000003, 0.0, 3.5, 4.0, 1.0, 2.4374999999999996, 0.8749999999999973, 1.125, 2.0, 0.2916666666666661, 0.1875000000000001, 3.1250000000000027, 1.0]
Solution mochila: 62.0785714286
Padrão novo: [0.0, 0.0, 1.0, 0.0, 0.0, 0.0, 0.0, 0.0, 0.0, 0.0, 0.0, 0.0, 0.0, 0.0, 0.0, 0.0, 1.0, 3.0, 0.0, 0.0]
Função Objetivo: 30.9624007937
Solution: [1.5, 1.0, 4.028571428571429, 0.0, 0.0, 0.0, 0.0, 0.0, 0.10476190476190445, 0.0, 0.75, 0.5, 0.0, 1.8, 0.0, 0.6666666666666666, 0.0, 0.0, 0.125, 0.23000000000000037, 0.6999999999999968, 2.8000000000000034, 4.0, 0.0, 2.0000000000000018, 0.0, 1.9999999999999964, 2.0, 0.0, 0.10000000000000031, 5.0, 0.6857142857142866, 0.9428571428571417]
Solution mochila: 62.0854761905
Padrão novo: [0.0, 0.0, 0.0, 0.0, 0.0, 0.0, 0.0, 0.0, 1.0, 0.0, 0.0, 1.0, 0.0, 0.0, 2.0, 0.0, 0.0, 0.0, 1.0, 0.0]
Função Objetivo: 30.9335714286
Solution: [1.5, 1.0, 4.0, 0.0, 0.0, 0.0, 0.0, 0.0, 0.0, 0.0, 1.475, 0.32499999999999996, 0.0, 1.8, 0.0, 0.5666666666666665, 0.0, 0.0, 0.03749999999999998, 0.0, 0.09999999999999956, 3.4000000000000004, 4.0, 0.0, 2.9000000000000004, 2.9000000000000004, 0.19999999999999912, 2.0, 0.5999999999999999, 0.0, 2.0999999999999996, 0.29999999999999977, 1.0000000000000004, 0.7000000000000002]
Solution mochila: 62.075
Padrão novo: [-0.0, -0.0, 1.0000000000000013, -0.0, -0.0, -0.0, -0.0, -0.0, 0.0, -0.0, -0.0, 1.0000000000000022, -0.0, 1.0000000000000016, -0.0, -0.0, 0.0, -0.0, 0.9999999999999974, -0.0]
Função Objetivo: 30.9041666667
Solution: [1.5, 1.0, 3.5892857142857135, 0.0, 0.0, 0.0, 0.0, 0.0, 0.03571428571428517, 0.0, 0.75, 0.24999999999999908, 0.0, 1.6499999999999995, 0.0, 0.6666666666666666, 0.0, 0.0, 0.0, 0.20000000000000023, 0.9999999999999982, 2.5000000000000018, 4.0, 0.0, 2.0000000000000018, 0.0, 1.9999999999999964, 2.0, 0.0, 0.0, 5.0, 0.6428571428571436, 1.0714285714285712, 0.2500000000000009, 0.7500000000000011]
Solution mochila: 62.0833333333
Padrão novo: [0.0, 1.0, 0.0, 0.0, 0.0, 0.0, 0.0, 0.0, 1.0, 0.0, 0.0, 1.0, 0.0, 0.0, 0.0, 0.0, 0.0, 0.0, 0.0, 0.0]
Função Objetivo: 30.855952381
Solution: [1.5, 0.5, 3.299999999999999, 0.0, 0.0, 0.0, 0.0, 0.0, 0.0, 0.0, 1.1500000000000012, 0.0, 0.0, 1.5999999999999992, 0.0, 0.6666666666666666, 0.0, 0.0, 0.0, 0.06999999999999987, 0.6999999999999968, 2.8000000000000034, 4.0, 0.0, 2.0000000000000018, 1.600000000000005, 1.9999999999999964, 2.0, 0.0, 0.10000000000000031, 3.399999999999995, 0.0, 1.3999999999999986, 0.0, 1.0000000000000027, 1.0]
Solution mochila: 62.07
Padrão novo: [0.0, 0.0, 1.0, 0.0, 0.0, 0.0, 0.0, 0.0, 0.0, 0.0, 0.0, 0.0, 0.0, 0.0, 3.0, 0.0, 0.0, 0.0, 0.0, 0.0]
Função Objetivo: 30.7866666667
Solution: [1.5, 0.5, 3.1666666666666647, 0.0, 0.0, 0.0, 0.0, 0.0, 0.0, 0.0, 1.125000000000001, 0.0, 0.0, 1.5999999999999992, 0.0, 0.6666666666666666, 0.0, 0.0, 0.0, 0.04999999999999977, 0.9999999999999982, 2.5000000000000018, 4.0, 0.0, 2.0000000000000018, 1.5000000000000044, 1.9999999999999964, 2.0, 0.0, 0.0, 3.4999999999999956, 0.0, 1.4999999999999991, 0.0, 1.0000000000000027, 1.0, 0.16666666666666707]
Solution mochila: 62.0666666667
Padrão novo: [-0.0, 0.0, 1.0, -0.0, 0.0, -0.0, -0.0, 0.0, -0.0, -0.0, 0.0, 1.0, -0.0, 0.0, -0.0, 1.0, 1.0, 0.0, -0.0, 0.0]
Função Objetivo: 30.775
Solution: [1.5, 0.7250000000000011, 3.0916666666666663, 0.0, 0.0, 0.0, 0.0, 0.0, 0.0, 0.0, 0.75, 0.0, 0.0, 1.5999999999999992, 0.0, 0.5916666666666671, 0.0, 0.0, 0.0, 0.20000000000000023, 0.9999999999999982, 2.5000000000000018, 4.0, 0.0, 2.0000000000000018, 0.0, 1.9999999999999964, 2.0, 0.0, 0.0, 5.0, 0.4500000000000021, 1.1999999999999984, 0.0, 1.0000000000000027, 0.5499999999999978, 0.16666666666666707, 0.4499999999999973]
Solution mochila: 62.0666666667
Padrão novo: [0.0, 0.0, 1.0, 0.0, 0.0, 0.0, 0.0, 0.0, 1.0, 0.0, 0.0, -0.0, 0.0, 0.0, 0.0, 0.0, 1.0, 0.0, 0.0, 1.0]
Função Objetivo: 30.775
Solution: [1.5, 1.0, 2.166666666666668, 0.0, 0.0, 0.0, 0.0, 0.0, 0.0, 0.0, 0.75, 0.0, 0.0, 1.5999999999999992, 0.0, 0.47619047619047733, 0.0, 0.0, 0.0, 0.12142857142857125, 0.7857142857142878, 2.714285714285712, 4.0, 0.0, 2.214285714285712, 0.0, 1.5714285714285758, 2.0, 0.14285714285714057, 0.0, 5.0, 0.0, 1.428571428571429, 0.0, 1.0000000000000027, 0.0, 0.23809523809523714, 0.9999999999999951, 1.0]
Solution mochila: 62.0579365079
Padrão novo: [0.0, 0.0, 1.0, 0.0, 0.0, 0.0, 0.0, 1.0, 0.0, 0.0, 0.0, 0.0, 0.0, 0.0, 0.0, 0.0, 0.0, 0.0, 0.0, 2.0]
Função Objetivo: 30.7095238095
Solution: [1.5, 1.0, 1.5987654320987654, 0.0, 0.0, 0.0, 0.0, 0.0, 0.0, 0.0, 0.75, 0.0, 0.0, 1.8, 0.0, 0.25514403292181065, 0.0, 0.0, 0.125, 0.0, 0.2962962962962967, 2.7777777777777777, 4.0, 0.0, 2.7037037037037033, 0.0, 0.5925925925925928, 2.0, 0.4691358024691352, 0.0, 5.0, 0.0, 1.4074074074074072, 0.0, 0.0, 0.0, 0.5432098765432097, 2.0, 1.0, 0.8518518518518516]
Solution mochila: 62.0709876543
Padrão novo: [-0.0, -0.0, 1.0, -0.0, -0.0, -0.0, -0.0, -0.0, -0.0, -0.0, 1.0, -0.0, -0.0, -0.0, -0.0, 0.0, 2.0, -0.0, -0.0, -0.0]
Função Objetivo: 30.6708847737
Solution: [1.5, 0.5, 1.2708333333333317, 0.0, 0.0, 0.0, 0.0, 0.0, 0.0, 0.0, 0.3020833333333333, 0.0, 0.0, 1.5999999999999992, 0.0, 0.5555555555555555, 0.0, 0.0, 0.0, 0.0, 0.0, 2.75, 4.0, 0.0, 3.0, 0.0, 0.0, 2.0, 0.6666666666666663, 0.0, 5.0, 0.0, 1.4166666666666665, 0.0, 1.0000000000000027, 1.0, 0.7499999999999999, 0.0, 0.0, 1.5, 1.7916666666666667]
Solution mochila: 62.0555555556
Padrão novo: [0.0, 1.0, 0.0, 0.0, 1.0, 0.0, 0.0, 0.0, 0.0, 0.0, 0.0, 0.0, 0.0, 0.0, 0.0, 0.0, 0.0, 1.0, 0.0, 0.0]
Função Objetivo: 30.6034722222
Solution: [1.5, 0.0, 1.3125, 0.0, 0.0, 0.0, 0.0, 0.0, 0.0, 0.0, 0.4895833333333327, 0.0, 0.0, 1.5999999999999992, 0.0, 0.3888888888888896, 0.0, 0.0, 0.0, 0.0, 1.0, 2.25, 4.0, 0.0, 2.0, 0.0, 0.0, 2.0, 0.6666666666666663, 0.0, 5.0, 0.0, 0.9166666666666665, 0.0, 1.0000000000000027, 0.0, 0.9166666666666664, 0.9999999999999951, 1.0, 0.5, 1.0416666666666692, 2.0]
Solution mochila: 62.0541666667
Padrão novo: [-0.0, -0.0, 1.0, -0.0, -0.0, -0.0, -0.0, 0.999999999999999, -0.0, -0.0, -0.0, -0.0, 0.0, 0.9999999999999992, -0.0, -0.0, -0.0, 0.0, -0.0, -0.0]
Função Objetivo: 30.5826388889
Solution: [1.5, 0.0, 0.0, 0.0, 0.0, 0.0, 0.0, 0.0, 0.0, 0.0, 0.41481481481481475, 0.0, 0.0, 0.8177777777777782, 0.0, 0.38888888888888884, 0.0, 0.0, 0.0, 0.30000000000000004, 0.0, 1.0444444444444465, 4.0, 0.0, 2.0, 0.0, 0.0, 2.0, 0.6666666666666663, 0.3333333333333333, 5.0, 0.0, 1.3185185185185178, 1.0, 0.0, 0.0, 0.429629629629629, 1.0, 0.0, 0.0, 1.3407407407407412, 2.0, 4.911111111111113]
Solution mochila: 62.0144444444
Padrão novo: [0.0, 0.0, 0.0, 0.0, 0.0, 0.0, 0.0, 0.0, 0.0, 0.0, 3.0, 0.0, 0.0, 0.0, 0.0, 0.0, 0.0, 2.0, 0.0, 0.0]
Função Objetivo: 30.4659259259
Solution: [1.5, 0.0, 0.0, 0.0, 0.0, 0.0, 0.0, 0.0, 0.0, 0.0, 0.0, 0.0, 0.0, 0.43333333333333424, 0.0, 0.3472222222222221, 0.0, 0.0, 0.0, 0.0, 0.0, 0.0833333333333367, 4.0, 0.2499999999999999, 2.0, 3.0, 0.0, 2.0, 0.6666666666666663, 0.3333333333333333, 1.75, 0.2499999999999999, 0.0, 0.7500000000000001, 0.0, 0.0, 0.9166666666666657, 1.25, 0.0, 0.0, 0.0, 2.0, 6.833333333333335, 2.083333333333333]
Solution mochila: 62.0136054422
Padrão novo: [0.0, 0.0, -0.0, 0.0, 0.0, 0.0, 0.0, 0.0, 0.0, 0.0, 0.0, 0.0, 0.0, 1.0, 0.0, 4.0, 1.0, 0.0, -0.0, 0.0]
Função Objetivo: 30.4472222222
Solution: [1.5, 0.0, 0.0, 0.0, 0.0, 0.0, 0.0, 0.0, 0.0, 0.0, 0.0, 0.0, 0.0, 0.1689024390243905, 0.0, 0.0, 0.0, 0.0, 0.0, 0.0, 0.0, 0.3628048780487843, 4.0, 0.0, 2.213414634146341, 3.0, 0.5731707317073184, 2.0, 0.47560975609755973, 0.26219512195121975, 2.0, 0.0, 0.5457317073170719, 0.0, 1.0000000000000027, 1.0, 1.179878048780486, 0.0, 0.0, 0.0, 0.0, 1.0, 6.274390243902438, 2.0, 0.8810975609756099]
Solution mochila: 62.0134146341
Padrão novo: [1.0, 0.0, 0.0, 0.0, 0.0, 0.0, 0.0, 0.0, -0.0, 0.0, 0.0, 1.0, 0.0, 0.0, 1.0, 0.0, 0.0, 0.0, -0.0, 1.0]
Função Objetivo: 30.437195122
Solution: [0.5, 0.0, 0.0, 0.0, 0.0, 0.0, 0.0, 0.0, 0.0, 0.0, 0.0, 0.0, 0.0, 0.2057854917667994, 0.0, 0.0, 0.0, 0.0, 0.0, 0.0, 0.0, 0.0, 4.0, 1.0, 1.1735647530040014, 0.0, 1.6528704939919971, 2.0, 0.11570983533599977, 0.6088117489986662, 4.0, 0.0, 0.5376056964842003, 0.0, 0.0, 0.0, 0.04316866933689023, 0.0, 1.0, 0.0, 0.4192256341789014, 2.0, 7.000000000000008, 1.1935914552736995, 0.971072541166, 2.0]
Solution mochila: 62.0100578549
Padrão novo: [0.0, 0.0, 0.0, 0.0, 0.0, 0.0, 0.0, 0.0, 0.0, 1.0, 0.0, 0.0, 0.0, 3.0, 0.0, 0.0, 0.0, 1.0, 0.0, 0.0]
Função Objetivo: 30.4214063195
Solution: [0.5, 0.0, 0.0, 0.0, 0.0, 0.0, 0.0, 0.0, 0.0, 0.0, 0.0, 0.0, 0.0, 0.0, 0.0, 0.0, 0.0, 0.0, 0.0, 0.0, 0.0, 0.0, 4.0, 1.0, 2.0, 0.0, 0.0, 2.0, 0.5039671513692068, 0.3333333333333333, 4.0, 0.6766076996696643, 0.02488345528078606, 0.0, 0.0, 0.0, 0.7777777777777778, 0.0, 0.3233923003303357, 0.33830384983483214, 0.8739464666110924, 2.0, 6.6616961501651755, 1.042017844462969, 0.8740082121576981, 2.0, 0.488098545892377]
Solution mochila: 62.0081967213
Padrão novo: [1.0, 0.0, 0.0, 0.0, 0.0, 0.0, 0.0, 0.0, 0.0, 0.0, 0.0, 0.0, 0.0, 0.0, 0.0, 0.0, 0.0, 3.0, 1.0, 0.0]
Função Objetivo: 30.4180327869
Solution: [0.0, 0.0, 0.0, 0.0, 0.0, 0.0, 0.0, 0.0, 0.0, 0.0, 0.0, 0.0, 0.0, 0.0, 0.0, 0.0, 0.0, 0.0, 0.0, 0.0, 0.10332836562344638, 0.0, 4.0, 0.0, 1.5166418281172314, 0.0, 0.9667163437655373, 2.0, 0.2046696472925933, 0.4600099354197741, 5.0, 0.10332836562344638, 0.0, 0.0, 0.0, 0.0, 0.3710879284649717, 0.0, 0.8966716343765536, 0.0, 0.9388971684053586, 2.0, 6.793343268753114, 0.6870342771982139, 0.9488325881768516, 2.0, 0.41927471435667996, 1.0]
Solution mochila: 62.0081967213
Padrão novo: [1.0000000000000002, -0.0, -0.0, -0.0, -0.0, -0.0, -0.0, -0.0, -0.0, 0.9999999999999968, -0.0, -0.0, -0.0, -0.0, -0.0, -0.0, -0.0, 1.0000000000000058, -0.0, 1.0000000000000007]
Função Objetivo: 30.4098360656
Solution: [0.0, 0.0, 0.0, 0.0, 0.0, 0.0, 0.0, 0.0, 0.0, 0.0, 0.0, 0.0, 0.0, 0.0, 0.0, 0.0, 0.0, 0.0, 0.0, 0.0, 0.0, 0.5177036991894695, 4.0, 0.0, 2.487354500578948, 0.0, 0.0, 2.0, 0.04339082210981626, 0.17088183314035066, 5.0, 0.0, 0.0, 0.02529099884210395, 0.0, 0.974709001157896, 1.029983545615207, 0.0, 0.0, 0.4873545005789478, 2.005423852763727, 1.025290998842104, 5.4772381010421185, 0.33152538241209095, 0.9891522944725459, 1.0, 0.8445365348284466, 0.974709001157896, 1.0252909988421037]
Solution mochila: 62.0
Padrão novo: [1.0, 0.0, 0.0, 1.0, 0.0, 0.0, 0.0, 0.0, 0.0, 0.0, 0.0, 0.0, 0.0, 0.0, 0.0, 0.0, 0.0, 0.0, 0.0, 1.0]
Função Objetivo: 30.4098360656
