Solution: [0.5, 2.0, 4.0, 3.0, 1.0, 2.6666666666666665, 1.6666666666666665, 0.5, 0.75, 1.75, 0.6000000000000001, 1.2000000000000002, 2.0, 0.8333333333333333, 0.5, 0.75, 0.2222222222222222, 0.9, 0.36363636363636365, 0.625]
Solution mochila: 83.3958333333
Padrão novo: [-0.0, 0.0, 1.9999999999999996, -0.0, -0.0, -0.0, 1.0, -0.0, -0.0, -0.0, -0.0, -0.0, -0.0, -0.0, -0.0, -0.0, -0.0, -0.0, -0.0, 1.0]
Função Objetivo: 25.8275252525
Solution: [0.5, 2.0, 0.0, 3.0, 1.0, 2.6666666666666665, 0.33333333333333304, 0.5, 0.75, 1.75, 0.6000000000000001, 1.2000000000000002, 2.0, 0.8333333333333333, 0.5, 0.75, 0.2222222222222222, 0.9, 0.36363636363636365, 0.37499999999999994, 4.000000000000001]
Solution mochila: 83.3409090909
Padrão novo: [0.0, 2.0, -0.0, -0.0, -0.0, -0.0, 0.0, -0.0, -0.0, 1.0, -0.0, -0.0, -0.0, -0.0, -0.0, -0.0, -0.0, 0.0, 1.0000000000000002, 0.0]
Função Objetivo: 24.2441919192
Solution: [0.5, 0.0, 0.0, 3.0, 1.0, 2.6666666666666665, 0.33333333333333304, 0.5, 0.75, 1.25, 0.6000000000000001, 1.2000000000000002, 2.0, 0.8333333333333333, 0.5, 0.75, 0.2222222222222222, 0.9, 0.1818181818181818, 0.37499999999999994, 4.000000000000001, 2.0]
Solution mochila: 83.2916666667
Padrão novo: [1.0, 0.0, 0.0, 0.0, 0.0, 0.0, 2.0, 0.0, 0.0, 0.0, 0.0, 0.0, 0.0, 0.0, 0.0, 0.0, 0.0, 0.0, 0.0, 2.0]
Função Objetivo: 23.5623737374
Solution: [0.2500000000000002, 0.0, 0.0, 3.0, 1.0, 2.6666666666666665, 0.0, 0.5, 0.75, 1.25, 0.6000000000000001, 1.2000000000000002, 2.0, 0.8333333333333333, 0.5, 0.75, 0.2222222222222222, 0.9, 0.1818181818181818, 0.3125, 4.000000000000001, 2.0, 0.49999999999999956]
Solution mochila: 83.2409090909
Padrão novo: [1.0, 0.0, 0.0, 0.0, 0.0, 0.0, 0.0, 0.0, 0.0, 1.0, 0.0, 0.0, 2.0, 0.0, 0.0, 0.0, 0.0, 0.0, 1.0, 0.0]
Função Objetivo: 23.416540404
Solution: [0.0, 0.0, 0.0, 3.0, 1.0, 2.6666666666666665, 0.0, 0.5, 0.75, 1.125, 0.6000000000000001, 1.2000000000000002, 1.7999999999999998, 0.8333333333333333, 0.5, 0.75, 0.2222222222222222, 0.9, 0.1363636363636363, 0.3125, 4.000000000000001, 2.0, 0.49999999999999956, 0.5000000000000004]
Solution mochila: 83.2
Padrão novo: [-0.0, -0.0, -0.0, -0.0, -0.0, -0.0, -0.0, -0.0, -0.0, 4.0, -0.0, -0.0, 1.0000000000000002, -0.0, -0.0, -0.0, -0.0, -0.0, -0.0, -0.0]
Função Objetivo: 23.2960858586
Solution: [0.0, 0.0, 0.0, 3.0, 1.0, 2.6666666666666665, 0.0, 0.5, 0.75, 0.0, 0.6000000000000001, 1.2000000000000002, 1.5749999999999997, 0.8333333333333333, 0.5, 0.75, 0.2222222222222222, 0.9, 0.13636363636363627, 0.3125, 4.000000000000001, 2.0, 0.49999999999999956, 0.5000000000000004, 1.125]
Solution mochila: 83.1666666667
Padrão novo: [-0.0, 0.0, 0.0, 0.0, 0.0, 0.0, 0.0, 0.0, 0.0, 0.0, 0.0, 0.0, 5.0, 0.0, 1.0, 0.0, 0.0, 0.0, 0.0, 0.0]
Função Objetivo: 23.0710858586
Solution: [0.0, 0.0, 0.0, 3.0, 1.0, 2.6666666666666665, 0.0, 0.5, 0.75, 0.0, 0.6000000000000001, 1.2000000000000002, 0.0, 0.8333333333333333, 0.23750000000000004, 0.75, 0.2222222222222222, 0.9, 0.13636363636363627, 0.3125, 4.000000000000001, 2.0, 0.49999999999999956, 0.5000000000000004, 1.125, 1.5749999999999997]
Solution mochila: 83.125
Padrão novo: [-0.0, -0.0, -0.0, -0.0, -0.0, 2.9999999999999973, -0.0, -0.0, -0.0, -0.0, -0.0, -0.0, -0.0, -0.0, 0.0, 1.0, -0.0, -0.0, 0.0, -0.0]
Função Objetivo: 22.8085858586
Solution: [0.0, 0.0, 0.0, 3.0, 1.0, 0.0, 0.0, 0.5, 0.75, 0.0, 0.6000000000000001, 1.2000000000000002, 0.0, 0.8333333333333333, 0.23750000000000004, 0.41666666666666635, 0.2222222222222222, 0.9, 0.13636363636363627, 0.3125, 4.000000000000001, 2.0, 0.49999999999999956, 0.5000000000000004, 1.125, 1.5749999999999997, 2.666666666666669]
Solution mochila: 83.1
Padrão novo: [0.0, 0.0, 0.0, 0.0, 0.0, 0.0, 0.0, 0.0, 0.0, 0.0, 1.0, 2.0, 0.0, 0.0, 3.0, 0.0, 0.0, 0.0, 0.0, 0.0]
Função Objetivo: 22.4752525253
Solution: [0.0, 0.0, 0.0, 3.0, 1.0, 0.0, 0.0, 0.5, 0.75, 0.0, 0.5050000000000001, 1.0100000000000002, 0.0, 0.8333333333333333, 0.0, 0.41666666666666635, 0.2222222222222222, 0.9, 0.13636363636363627, 0.3125, 4.000000000000001, 2.0, 0.49999999999999956, 0.5000000000000004, 1.125, 1.5749999999999997, 2.666666666666669, 0.4750000000000001]
Solution mochila: 83.0909090909
Padrão novo: [-0.0, -0.0, -0.0, -0.0, 0.0, -0.0, 0.0, 0.0, 0.0, 0.0, 0.0, 5.0, 0.0, 0.0, -0.0, 0.0, 0.0, 0.0, 1.0, 0.0]
Função Objetivo: 22.4277525253
Solution: [0.0, 0.0, 0.0, 3.0, 1.0, 0.0, 0.0, 0.5, 0.75, 0.0, 0.5050000000000001, 0.0, 0.0, 0.8333333333333333, 0.0, 0.41666666666666635, 0.2222222222222222, 0.9, 0.04454545454545443, 0.3125, 4.000000000000001, 2.0, 0.49999999999999956, 0.5000000000000004, 1.125, 1.5749999999999997, 2.666666666666669, 0.4750000000000001, 1.0100000000000002]
Solution mochila: 83.0643939394
Padrão novo: [-0.0, -0.0, -0.0, 0.0, 0.0, 0.0, 0.0, 0.0, 2.0, 0.0, 0.0, 0.0, 0.0, 1.0, 0.0, 0.0, 0.0, 0.0, 3.0, 2.0]
Função Objetivo: 22.3359343434
Solution: [0.0, 0.0, 0.0, 3.0, 1.0, 0.0, 0.0, 0.5, 0.6683333333333334, 0.0, 0.5050000000000001, 0.0, 0.0, 0.8061111111111111, 0.0, 0.41666666666666635, 0.2222222222222222, 0.9, 0.0, 0.29208333333333336, 4.000000000000001, 2.0, 0.49999999999999956, 0.5000000000000004, 1.125, 1.5749999999999997, 2.666666666666669, 0.4750000000000001, 1.0100000000000002, 0.16333333333333305]
Solution mochila: 83.0625
Padrão novo: [0.0, 0.0, 0.0, 0.0, 0.0, 0.0, 0.0, 0.0, 2.0, 0.0, 0.0, 0.0, 0.0, 3.0, 0.0, 0.0, 0.0, 0.0, 0.0, 1.0]
Função Objetivo: 22.3254166667
Solution: [0.0, 0.0, 0.0, 3.0, 1.0, 0.0, 0.0, 0.5, 0.0, 0.0, 0.5050000000000001, 0.0, 0.0, 0.13777777777777767, 0.0, 0.41666666666666635, 0.2222222222222222, 0.9, 0.0, 0.20854166666666668, 4.000000000000001, 2.0, 0.49999999999999956, 0.5000000000000004, 1.125, 1.5749999999999997, 2.666666666666669, 0.4750000000000001, 1.0100000000000002, 0.16333333333333305, 1.336666666666667]
Solution mochila: 83.0486111111
Padrão novo: [-0.0, -0.0, -0.0, -0.0, 2.0, -0.0, -0.0, 0.0, -0.0, -0.0, 0.0, -0.0, 0.0, 0.0, -0.0, 0.0, 1.0, 0.0, 3.0, 0.0]
Função Objetivo: 22.241875
Solution: [0.0, 0.0, 0.0, 3.0, 0.8911111111111113, 0.0, 0.0, 0.5, 0.0, 0.0, 0.5050000000000001, 0.0, 0.0, 0.08333333333333326, 0.0, 0.41666666666666635, 0.2040740740740741, 0.9, 0.0, 0.21875, 4.000000000000001, 2.0, 0.49999999999999956, 0.5000000000000004, 1.125, 1.5749999999999997, 2.666666666666669, 0.4750000000000001, 1.0100000000000002, 0.0, 1.5, 0.16333333333333305]
Solution mochila: 83.0427160494
Padrão novo: [1.0, 0.0, 0.0, 0.0, 0.0, 0.0, 0.0, 0.0, 0.0, 0.0, 0.0, 0.0, 0.0, 4.0, 0.0, 0.0, 0.0, 0.0, 0.0, 0.0]
Função Objetivo: 22.2339351852
Solution: [0.0, 0.0, 0.0, 3.0, 0.86462962962963, 0.0, 0.0, 0.5, 0.0, 0.0, 0.5079166666666668, 0.0, 0.0, 0.0, 0.0, 0.41666666666666635, 0.19966049382716053, 0.9, 0.0, 0.21875, 4.000000000000001, 2.0, 0.49999999999999956, 0.37500000000000044, 1.15625, 1.61875, 2.666666666666669, 0.4604166666666667, 1.0158333333333336, 0.0, 1.5, 0.2030555555555551, 0.125]
Solution mochila: 83.0427160494
Padrão novo: [1.0, 0.0, 0.0, 0.0, 2.0, 0.0, 0.0, 0.0, 0.0, 0.0, 0.0, 0.0, 0.0, 0.0, 0.0, 0.0, 0.0, 0.0, 0.0, 0.0]
Função Objetivo: 22.228595679
Solution: [0.0, 0.0, 0.0, 3.0, 0.535185185185185, 0.0, 0.0, 0.5, 0.0, 0.0, 0.5166666666666667, 0.0, 0.0, 0.0, 0.0, 0.41666666666666635, 0.18641975308641975, 0.9, 0.0, 0.21875, 4.000000000000001, 2.0, 0.49999999999999956, 0.0, 1.25, 1.75, 2.666666666666669, 0.41666666666666674, 1.0333333333333334, 0.0, 1.5, 0.3222222222222221, 0.125, 0.37500000000000044]
Solution mochila: 83.0463580247
Padrão novo: [-0.0, -0.0, -0.0, -0.0, 1.0, -0.0, 2.0, 0.0, -0.0, -0.0, 0.0, 0.0, 1.0, 0.0, -0.0, 0.0, 0.0, 0.0, -0.0, 0.0]
Função Objetivo: 22.2125771605
Solution: [0.0, 0.0, 0.0, 3.0, 0.032222222222222596, 0.0, 0.0, 0.5, 0.0, 0.0, 0.51, 0.0, 0.0, 0.0, 0.0, 0.41666666666666635, 0.18592592592592594, 0.9, 0.0, 0.28124999999999994, 4.000000000000001, 2.0, 0.0, 0.0, 1.25, 1.65, 2.666666666666669, 0.45000000000000007, 1.02, 0.0, 1.5, 0.32666666666666655, 0.125, 0.875, 0.49999999999999956]
Solution mochila: 83.0416666667
Padrão novo: [0.0, 0.0, 0.0, 0.0, 0.0, 0.0, 0.0, 0.0, 0.0, 0.0, 0.0, 0.0, 0.0, 4.0, 0.0, 0.0, 0.0, 0.0, 0.0, 6.0]
Função Objetivo: 22.1893981481
Solution: [0.0, 0.0, 0.0, 3.0, 0.0, 0.0, 0.0, 0.5, 0.0, 0.0, 0.51, 0.0, 0.0, 0.0, 0.0, 0.41666666666666635, 0.19444444444444442, 0.9, 0.0, 0.2152083333333334, 4.000000000000001, 2.0, 0.0, 0.0, 1.25, 1.65, 2.666666666666669, 0.45000000000000007, 1.02, 0.07666666666666633, 1.4233333333333338, 0.2500000000000002, 0.0, 1.0, 0.49999999999999956, 0.1633333333333331]
Solution mochila: 83.0194444444
Padrão novo: [0.0, 0.0, 0.0, 0.0, 1.0, 0.0, 0.0, 0.0, 0.0, 0.0, 1.0, 0.0, 0.0, 0.0, 0.0, 4.0, 0.0, 0.0, 0.0, 0.0]
Função Objetivo: 22.1863194444
Solution: [0.0, 0.0, 0.0, 3.0, 0.0, 0.0, 0.0, 0.5, 0.0, 0.0, 0.344814814814815, 0.0, 0.0, 0.0, 0.0, 0.0, 0.2222222222222222, 0.9, 0.0, 0.13906635802469147, 4.000000000000001, 2.0, 0.11111111111111072, 0.0, 1.25, 1.672222222222222, 2.666666666666669, 0.44259259259259265, 1.022962962962963, 0.32567901234567886, 1.1743209876543212, 0.0, 0.0, 0.8888888888888893, 0.38888888888888884, 0.28783950617283927, 0.8333333333333327]
Solution mochila: 83.017962963
Padrão novo: [0.0, 0.0, 0.0, 0.0, 1.0, 0.0, 0.0, 0.0, 0.0, 0.0, 3.0, 0.0, 0.0, 0.0, 0.0, 0.0, 0.0, 1.0, 0.0, 0.0]
Função Objetivo: 22.1706095679
Solution: [0.0, 0.0, 0.0, 3.0, 0.0, 0.0, 0.0, 0.5, 0.0, 0.0, 0.0, 0.0, 0.0, 0.0, 0.0, 0.0, 0.2222222222222222, 0.8421019900497513, 0.0, 0.11537106135986731, 4.000000000000001, 2.0, 0.3041044776119399, 0.0, 1.25, 1.710820895522388, 2.666666666666669, 0.42972636815920406, 1.0281094527363186, 0.32396351575456034, 1.1760364842454396, 0.0, 0.0, 0.6958955223880601, 0.19589552238805963, 0.2869817578772803, 0.8333333333333327, 0.5789800995024877]
Solution mochila: 83.025
Padrão novo: [-0.0, -0.0, -0.0, -0.0, -0.0, -0.0, -0.0, 0.0, -0.0, -0.0, -0.0, -0.0, -0.0, -0.0, -0.0, -0.0, -0.0, 9.0, -0.0, 2.0000000000000018]
Função Objetivo: 22.1602093698
Solution: [0.0, 0.0, 0.0, 3.0, 0.0, 0.0, 0.0, 0.5, 0.0, 0.0, 0.0, 0.0, 0.0, 0.0, 0.0, 0.0, 0.22117065780560585, 0.0, 0.0, 0.0, 4.000000000000001, 2.0, 0.3104609490855166, 0.0, 1.25, 1.7120921898171033, 2.666666666666669, 0.4293026033942988, 1.0282789586422807, 0.314442934036359, 1.185557065963641, 0.009464079749547327, 0.0, 0.6895390509144834, 0.189539050914483, 0.2822214670181795, 0.8333333333333327, 0.5791213544241228, 0.9356531828417641]
Solution mochila: 83.011849838
Padrão novo: [0.0, 0.0, 0.0, 0.0, 0.0, 0.0, 2.0, 2.0, 0.0, 0.0, 0.0, 0.0, 0.0, 0.0, 0.0, 0.0, 0.0, 0.0, 0.0, 0.0]
Função Objetivo: 22.1368435446
Solution: [0.0, 0.0, 0.0, 3.0, 0.0, 0.0, 0.0, 0.2500000000000002, 0.0, 0.0, 0.0, 0.0, 0.0, 0.0, 0.0, 0.0, 0.2222222222222222, 0.0, 0.0, 0.05304615753355524, 4.000000000000001, 2.0, 0.0, 0.20435967302452285, 1.1989100817438694, 1.6784741144414141, 2.666666666666669, 0.44050862851952866, 1.0237965485921887, 0.2572812594610959, 1.242718740538904, 0.0, 0.0, 0.7956403269754772, 0.0, 0.253640629730548, 0.8333333333333327, 0.5753860127157129, 0.9360682208093652, 0.49999999999999956]
Solution mochila: 83.0208333333
Padrão novo: [0.0, 0.0, 0.0, 1.0, 0.0, 0.0, 0.0, 2.0, 0.0, 0.0, 0.0, 0.0, 0.0, 0.0, 0.0, 0.0, 0.0, 0.0, 0.0, 3.0]
Função Objetivo: 22.1320526163
Solution: [0.0, 0.0, 0.0, 2.7084496323615084, 0.0, 0.0, 0.0, 0.0, 0.0, 0.0, 0.0, 0.0, 0.0, 0.0, 0.0, 0.0, 0.20168245453799707, 0.0, 0.0, 0.0, 4.000000000000001, 2.0, 0.0, 0.4427450719618878, 1.1393137320095281, 1.5201090042302448, 2.666666666666669, 0.49329699858991843, 1.0026812005640329, 0.0, 1.5, 0.1848579091580263, 0.125, 0.4322549280381122, 0.374651102915474, 0.0, 0.8333333333333327, 0.5577898893589163, 0.9380233456267871, 0.12534889708452557, 0.8746511029154744]
Solution mochila: 83.0108917557
Padrão novo: [-0.0, -0.0, -0.0, 1.9999999999999993, -0.0, -0.0, -0.0, -0.0, -0.0, -0.0, -0.0, -0.0, -0.0, -0.0, -0.0, 1.0000000000000004, 2.0000000000000004, -0.0, -0.0, -0.0]
Função Objetivo: 22.1208552694
Solution: [0.0, 0.0, 0.0, 2.0790477617624936, 0.0, 0.0, 0.0, 0.0, 0.0, 0.0, 0.0, 0.0, 0.0, 0.0, 0.0, 0.0, 0.0, 0.0, 0.0, 0.0, 4.000000000000001, 2.0, 0.0, 0.0, 1.25, 1.6940950159952157, 2.666666666666669, 0.4353016613349281, 1.025879335466029, 0.3080386828665882, 1.1919613171334118, 0.01666820531140196, 0.2790193414332942, 0.7209806585667058, 0.2795249200239217, 0.0, 0.5854168589972578, 0.6597604932226048, 0.9266932785308217, 0.22047507997607785, 0.7795249200239222, 0.9916658973442988]
Solution mochila: 83.0113418186
Padrão novo: [0.0, 0.0, 0.0, 2.0, 0.0, 0.0, 0.0, 0.0, 0.0, 0.0, 0.0, 0.0, 0.0, 0.0, 0.0, 0.0, 0.0, 0.0, 4.0, 0.0]
Função Objetivo: 22.1107200947
Solution: [0.0, 0.0, 0.0, 1.9000528621054227, 0.0, 0.0, 0.0, 0.0, 0.0, 0.0, 0.0, 0.0, 0.0, 0.0, 0.0, 0.0, 0.0, 0.0, 0.0, 0.0, 4.000000000000001, 2.0, 0.1030055882797157, 0.0, 1.25, 1.7078613502492073, 2.666666666666669, 0.43071288325026424, 1.0277148466998944, 0.0, 1.5, 0.0, 0.125, 0.7719944117202843, 0.21069324875396395, 0.0, 0.5833333333333326, 0.6619845944721344, 0.9264461561697629, 0.18630116296631988, 0.8136988370336802, 0.9999999999999998, 0.24307128832502628]
Solution mochila: 83.0085145748
Padrão novo: [0.0, 0.0, 1.0, 2.0, 0.0, 0.0, 0.0, 0.0, 0.0, 0.0, 0.0, 0.0, 0.0, 0.0, 0.0, 0.0, 0.0, 0.0, 0.0, 0.0]
Função Objetivo: 22.10853723
Solution: [0.0, 0.0, 0.0, 0.0, 0.0, 0.0, 0.0, 0.0, 0.0, 0.0, 0.0, 0.0, 0.0, 0.0, 0.0, 0.0, 0.0, 0.0, 0.0, 0.0, 2.623420352667201, 2.0, 0.41218402350613015, 0.0, 1.25, 1.5947788399679461, 2.666666666666669, 0.46840705334401794, 1.0126371786623931, 0.0, 1.5, 0.0, 0.0922454787944457, 0.4955704976994244, 0.776105800160269, 0.032754521205554304, 0.5833333333333326, 0.6494198711075497, 0.9278422365436056, 0.0, 1.0, 0.9999999999999998, 0.24684070533440172, 2.7531592946655987]
Solution mochila: 83.0
Padrão novo: [1.0, 0.0, 0.0, 0.0, 0.0, 0.0, 0.0, 0.0, 0.0, 0.0, 0.0, 0.0, 0.0, 4.0, 0.0, 0.0, 0.0, 0.0, 0.0, 0.0]
Função Objetivo: 22.0853658537
