Solution: [1.0, 3.333333333333333, 0.3333333333333333, 2.6666666666666665, 1.3333333333333333, 2.6666666666666665, 1.0, 1.0, 1.2000000000000002, 1.0, 0.6000000000000001, 1.1666666666666665, 0.16666666666666666, 0.42857142857142855, 0.625, 1.125, 0.2222222222222222, 0.9090909090909092, 0.6666666666666666, 0.47058823529411764]
Solution mochila: 90.2588235294
Padrão novo: [0.0, 0.0, -0.0, 0.0, 0.0, 3.0, 0.0, 0.0, 0.0, 0.0, 1.0, 0.0, -0.0, 0.0, 0.0, 0.0, 0.0, 0.0, 0.0, 1.0]
Função Objetivo: 21.9138061285
Solution: [1.0, 3.333333333333333, 0.3333333333333333, 2.6666666666666665, 1.3333333333333333, 0.0, 1.0, 1.0, 1.2000000000000002, 1.0, 0.06666666666666676, 1.1666666666666665, 0.16666666666666666, 0.42857142857142855, 0.625, 1.125, 0.2222222222222222, 0.9090909090909092, 0.6666666666666666, 0.3137254901960784, 2.6666666666666665]
Solution mochila: 90.2083333333
Padrão novo: [0.0, 0.0, 0.0, 0.0, 3.0, 0.0, 0.0, 0.0, 0.0, 0.0, 0.0, 0.0, 0.0, 0.0, 0.0, 1.0, 0.0, 0.0, 1.0, 0.0]
Função Objetivo: 21.2236100501
Solution: [1.0, 3.333333333333333, 0.3333333333333333, 2.6666666666666665, 0.0, 0.0, 1.0, 1.0, 1.2000000000000002, 1.0, 0.06666666666666676, 1.1666666666666665, 0.16666666666666666, 0.42857142857142855, 0.625, 0.9583333333333334, 0.2222222222222222, 0.9090909090909092, 0.5555555555555556, 0.3137254901960784, 2.6666666666666665, 1.3333333333333333]
Solution mochila: 90.1588235294
Padrão novo: [-0.0, -0.0, -0.0, 1.0, -0.0, -0.0, -0.0, -0.0, -0.0, 0.0, 3.0, -0.0, 1.0, -0.0, -0.0, 0.0, -0.0, -0.0, -0.0, 1.0]
Função Objetivo: 20.9458322723
Solution: [1.0, 3.333333333333333, 0.3333333333333333, 2.6296296296296293, 0.0, 0.0, 1.0, 1.0, 1.2000000000000002, 1.0, 0.0, 1.1666666666666665, 0.14814814814814814, 0.42857142857142855, 0.625, 0.9583333333333334, 0.2222222222222222, 0.9090909090909092, 0.5555555555555556, 0.30718954248366015, 2.6666666666666665, 1.3333333333333333, 0.11111111111111116]
Solution mochila: 90.1282679739
Padrão novo: [0.0, 0.0, -0.0, 2.0, 0.0, 0.0, 0.0, 0.0, 0.0, 0.0, 0.0, 0.0, 1.0, 0.0, 0.0, 1.0, 1.0, -0.0, -0.0, 1.0]
Função Objetivo: 20.9281852135
Solution: [1.0, 3.333333333333333, 0.3333333333333333, 2.0370370370370368, 0.0, 0.0, 1.0, 1.0, 1.2000000000000002, 1.0, 0.0, 1.1666666666666665, 0.0, 0.42857142857142855, 0.625, 0.8472222222222222, 0.12345679012345678, 0.9090909090909092, 0.5555555555555556, 0.25490196078431376, 2.6666666666666665, 1.3333333333333333, 0.11111111111111116, 0.8888888888888888]
Solution mochila: 90.125
Padrão novo: [0.0, 0.0, 1.0, 2.0, 0.0, 0.0, 0.0, 0.0, 0.0, 0.0, 0.0, 0.0, 0.0, 0.0, 0.0, 1.0, 0.0, 0.0, 0.0, 0.0]
Função Objetivo: 20.8141692367
Solution: [1.0, 3.333333333333333, 0.0, 1.3703703703703702, 0.0, 0.0, 1.0, 1.0, 1.2000000000000002, 1.0, 0.0, 1.1666666666666665, 0.0, 0.42857142857142855, 0.625, 0.7222222222222222, 0.12345679012345678, 0.9090909090909092, 0.5555555555555556, 0.25490196078431376, 2.6666666666666665, 1.3333333333333333, 0.11111111111111116, 0.8888888888888888, 1.0]
Solution mochila: 90.125
Padrão novo: [0.0, 0.0, 0.0, 3.0, 0.0, 0.0, 0.0, 0.0, 0.0, 0.0, 0.0, 0.0, 0.0, 0.0, 1.0, 0.0, 0.0, 0.0, 0.0, 0.0]
Função Objetivo: 20.6891692367
Solution: [1.0, 3.333333333333333, 0.0, 0.0, 0.0, 0.0, 1.0, 1.0, 1.2000000000000002, 1.0, 0.0, 1.1666666666666665, 0.0, 0.42857142857142855, 0.4537037037037037, 0.7222222222222222, 0.12345679012345678, 0.9090909090909092, 0.5555555555555556, 0.25490196078431376, 2.6666666666666665, 1.3333333333333333, 0.11111111111111116, 0.8888888888888888, 1.0, 1.3703703703703702]
Solution mochila: 90.1111111111
Padrão novo: [0.0, 0.0, 0.0, 0.0, 0.0, 0.0, 0.0, 4.0, 0.0, 0.0, 0.0, 0.0, 0.0, 0.0, 0.0, 0.0, 1.0, 0.0, 0.0, 0.0]
Função Objetivo: 20.5178729404
Solution: [1.0, 3.333333333333333, 0.0, 0.0, 0.0, 0.0, 1.0, 0.0, 1.2000000000000002, 1.0, 0.0, 1.1666666666666665, 0.0, 0.42857142857142855, 0.4537037037037037, 0.7222222222222222, 0.012345679012345678, 0.9090909090909092, 0.5555555555555556, 0.25490196078431376, 2.6666666666666665, 1.3333333333333333, 0.11111111111111116, 0.8888888888888888, 1.0, 1.3703703703703702, 1.0]
Solution mochila: 90.1111111111
Padrão novo: [0.0, 0.0, 0.0, 0.0, 0.0, 0.0, 0.0, 0.0, 0.0, 5.0, 0.0, 0.0, 0.0, 0.0, 0.0, 0.0, 1.0, 0.0, 0.0, 0.0]
Função Objetivo: 20.4067618293
Solution: [1.0, 3.333333333333333, 0.0, 0.0, 0.0, 0.0, 1.0, 0.0, 1.2000000000000002, 0.0, 0.0, 1.1666666666666665, 0.14814814814814814, 0.42857142857142855, 0.37962962962962965, 0.8333333333333334, 0.0, 0.9090909090909092, 0.5555555555555556, 0.30718954248366015, 2.6666666666666665, 1.3333333333333333, 0.11111111111111116, 0.0, 1.0, 1.962962962962963, 1.0, 1.0]
Solution mochila: 90.1166666667
Padrão novo: [-0.0, -0.0, -0.0, -0.0, -0.0, -0.0, -0.0, -0.0, -0.0, 1.0000000000000009, -0.0, -0.0, 1.0, -0.0, -0.0, 5.999999999999999, -0.0, -0.0, -0.0, -0.0]
Função Objetivo: 20.3355926209
Solution: [1.0, 3.333333333333333, 0.0, 0.0, 0.0, 0.0, 1.0, 0.0, 1.2000000000000002, 0.0, 0.0, 1.1666666666666665, 0.0, 0.42857142857142855, 0.37962962962962965, 0.16666666666666682, 0.019753086419753096, 0.9090909090909092, 0.5555555555555556, 0.30718954248366015, 2.6666666666666665, 1.3333333333333333, 0.11111111111111116, 0.0, 1.0, 1.9629629629629628, 1.0, 0.8222222222222221, 0.8888888888888888]
Solution mochila: 90.1209694989
Padrão novo: [-0.0, -0.0, -0.0, -0.0, -0.0, -0.0, 0.0, -0.0, 0.0, -0.0, 2.0, 0.0, -0.0, 0.0, 0.0, 5.0, 1.0, 0.0, 0.0, 0.0]
Função Objetivo: 20.2516420036
Solution: [1.0, 3.333333333333333, 0.0, 0.0, 0.0, 0.0, 1.0, 0.0, 1.2000000000000002, 0.0, 0.0, 1.1666666666666665, 0.0, 0.42857142857142855, 0.377508565834557, 0.0, 0.0, 0.9090909090909092, 0.5555555555555556, 0.31191154876047333, 2.6666666666666665, 1.3333333333333333, 0.0014684287812040953, 0.029368575624082283, 1.0, 1.979931473323544, 1.0, 0.8061674008810571, 0.9691629955947136, 0.1644640234948606]
Solution mochila: 90.0595238095
Padrão novo: [-0.0, 2.0, -0.0, -0.0, -0.0, -0.0, 1.0, -0.0, -0.0, -0.0, -0.0, -0.0, -0.0, 1.0, -0.0, -0.0, -0.0, -0.0, -0.0, -0.0]
Função Objetivo: 20.2332009055
Solution: [1.0, 1.333333333333333, 0.0, 0.0, 0.0, 0.0, 0.25, 0.0, 1.2000000000000002, 0.0, 0.0, 1.1666666666666665, 0.0, 0.0, 0.377508565834557, 0.0, 0.0, 0.9090909090909092, 0.5555555555555556, 0.31191154876047333, 2.6666666666666665, 1.3333333333333333, 0.0014684287812040953, 0.029368575624082283, 1.0, 1.979931473323544, 1.0, 0.8061674008810571, 0.9691629955947136, 0.1644640234948606, 3.0]
Solution mochila: 90.0588235294
Padrão novo: [0.0, 2.0, -0.0, 0.0, 0.0, 0.0, 0.0, 0.0, 0.0, 0.0, 0.0, 2.0, -0.0, -0.0, 0.0, 0.0, 0.0, 0.0, 0.0, 1.0]
Função Objetivo: 20.0546294769
Solution: [1.0, 0.0, 0.0, 0.0, 0.0, 0.0, 0.25, 0.0, 1.2000000000000002, 0.0, 0.0, 0.4999999999999999, 0.0, 0.0, 0.377508565834557, 0.0, 0.0, 0.9090909090909092, 0.5555555555555556, 0.19426448993694392, 2.6666666666666665, 1.3333333333333333, 0.0014684287812040953, 0.029368575624082283, 1.0, 1.979931473323544, 1.0, 0.8061674008810571, 0.9691629955947136, 0.1644640234948606, 3.0, 2.0]
Solution mochila: 90.0588235294
Padrão novo: [-0.0, -0.0, -0.0, -0.0, -0.0, -0.0, 4.0, -0.0, -0.0, -0.0, -0.0, -0.0, -0.0, -0.0, -0.0, -0.0, -0.0, -0.0, 0.0, 1.0000000000000024]
Função Objetivo: 19.9369824181
Solution: [1.0, 0.0, 0.0, 0.0, 0.0, 0.0, 0.0, 0.0, 1.2000000000000002, 0.0, 0.0, 0.0, 0.0, 0.21428571428571427, 0.377508565834557, 0.0, 0.0, 0.9090909090909092, 0.5555555555555556, 0.06926448993694384, 2.6666666666666665, 1.3333333333333333, 0.0014684287812040953, 0.029368575624082283, 1.0, 1.979931473323544, 1.0, 0.8061674008810571, 0.9691629955947136, 0.1644640234948606, 1.5, 3.5, 0.625]
Solution mochila: 90.0523809524
Padrão novo: [0.0, 0.0, 0.0, 0.0, 0.0, 0.0, 0.0, 0.0, 3.0, 0.0, 0.0, 0.0, 0.0, 2.0, 0.0, 0.0, 0.0, 0.0, 2.0, 0.0]
Função Objetivo: 19.9012681324
Solution: [1.0, 0.0, 0.0, 0.0, 0.0, 0.0, 0.0, 0.0, 0.7500000000000001, 0.0, 0.0, 0.0, 0.0, 0.0, 0.377508565834557, 0.0, 0.0, 0.9090909090909092, 0.4305555555555556, 0.06926448993694384, 2.6666666666666665, 1.3333333333333333, 0.0014684287812040953, 0.029368575624082283, 1.0, 1.979931473323544, 1.0, 0.8061674008810571, 0.9691629955947136, 0.1644640234948606, 1.5, 3.5, 0.625, 0.75]
Solution mochila: 90.0507130125
Padrão novo: [-0.0, -0.0, -0.0, -0.0, -0.0, -0.0, -0.0, -0.0, 1.0, -0.0, -0.0, -0.0, -0.0, -0.0, -0.0, -0.0, -0.0, 1.0, 7.0, 3.0]
Função Objetivo: 19.8619824181
Solution: [1.0, 0.0, 0.0, 0.0, 0.0, 0.0, 0.0, 0.0, 0.6715002447381304, 0.0, 0.0, 0.0, 0.0, 0.0, 0.377508565834557, 0.0, 0.0, 0.8734092021536957, 0.20159793604176887, 0.0, 2.6666666666666665, 1.3333333333333333, 0.0014684287812040953, 0.029368575624082283, 1.0, 1.979931473323544, 1.0, 0.8061674008810571, 0.9691629955947136, 0.1644640234948606, 1.5, 3.5, 0.625, 0.75, 0.3924987763093487]
Solution mochila: 90.0549459351
Padrão novo: [0.0, 0.0, -0.0, 0.0, 0.0, 0.0, 0.0, 0.0, 1.0, 0.0, 0.0, 0.0, 1.0, -0.0, 0.0, 0.0, 1.0, 1.0, 6.0, 0.0]
Função Objetivo: 19.8420776228
Solution: [1.0, 0.0, 0.0, 0.0, 0.0, 0.0, 0.0, 0.0, 0.6638888888888891, 0.0, 0.0, 0.0, 0.0, 0.0, 0.375, 0.0, 0.0, 0.8699494949494951, 0.18171296296296335, 0.0, 2.6666666666666665, 1.3333333333333333, 0.0, 0.0, 1.0, 2.0, 1.0, 0.8055555555555554, 0.9722222222222223, 0.16666666666666688, 1.5, 3.5, 0.625, 0.75, 0.40277777777777735, 0.027777777777777728]
Solution mochila: 90.052020202
Padrão novo: [0.0, 0.0, -0.0, 0.0, 0.0, 0.0, 0.0, 0.0, 1.0, 0.0, 1.0, 0.0, -0.0, -0.0, 0.0, 0.0, -0.0, 1.0, 7.0, -0.0]
Função Objetivo: 19.8405513468
Solution: [1.0, 0.0, 0.0, 0.0, 0.0, 0.0, 0.0, 0.0, 0.602777777777778, 0.0, 0.0, 0.0, 0.0, 0.0, 0.375, 0.08333333333333345, 0.02222222222222224, 0.8421717171717173, 0.0011574074074076346, 0.0, 2.6666666666666665, 1.3333333333333333, 0.0, 0.0, 1.0, 2.0, 1.0, 0.7999999999999998, 1.0, 0.0, 1.5, 3.5, 0.625, 0.75, 0.40277777777777724, 0.0, 0.3333333333333335]
Solution mochila: 90.1111111111
Padrão novo: [-0.0, -0.0, -0.0, -0.0, -0.0, -0.0, -0.0, -0.0, -0.0, -0.0, -0.0, -0.0, -0.0, -0.0, -0.0, 8.0, 1.0, -0.0, -0.0, -0.0]
Função Objetivo: 19.837773569
Solution: [1.0, 0.0, 0.0, 0.0, 0.0, 0.0, 0.0, 0.0, 0.6007966723068247, 0.0, 0.0, 0.0, 0.0, 0.0, 0.375, 0.0, 0.0, 0.8412712146849204, 0.0, 0.0, 2.6666666666666665, 1.3333333333333333, 0.0, 0.0, 1.0, 2.0, 1.0, 0.8110899605188944, 0.9445501974055274, 0.022772137619853257, 1.5, 3.5, 0.625, 0.75, 0.40277777777777746, 0.05544980259447267, 0.287789058093627, 0.11068809926677971]
Solution mochila: 90.0359444701
Padrão novo: [0.0, 0.0, 0.0, 0.0, 0.0, 0.0, 1.0, 0.0, 4.0, 0.0, 0.0, 0.0, 0.0, 0.0, 0.0, 0.0, 0.0, 0.0, 0.0, 0.0]
Função Objetivo: 19.8271849203
Solution: [1.0, 0.0, 0.0, 0.0, 0.0, 0.0, 0.0, 0.0, 0.0, 0.0, 0.0, 0.0, 0.0, 0.0, 0.375, 0.0, 0.0, 0.8413434338091874, 0.0, 0.0, 2.6666666666666665, 1.3333333333333333, 0.0, 0.0, 1.0, 2.0, 1.0, 0.8099777860051831, 0.9501110699740837, 0.051688674976346174, 1.5, 3.5, 0.4372013892561839, 0.75, 0.46537731469238297, 0.04988893002591637, 0.22995598338064113, 0.08844460899255435, 0.7511944429752644]
Solution mochila: 90.0170371403
Padrão novo: [2.0, 0.0, 0.0, 0.0, 0.0, 0.0, 0.0, 0.0, 0.0, 0.0, 1.0, 0.0, 0.0, 0.0, 0.0, 0.0, 0.0, 2.0, 0.0, 0.0]
Função Objetivo: 19.8001836341
Solution: [0.9254214150047485, 0.0, 0.0, 0.0, 0.0, 0.0, 0.0, 0.0, 0.0, 0.0, 0.0, 0.0, 0.0, 0.0, 0.375, 0.0, 0.0, 0.8208747271247272, 0.0, 0.0, 2.6666666666666665, 1.3333333333333333, 0.0, 0.0, 1.0, 2.0, 1.0, 0.8119658119658117, 0.9401709401709402, 0.0, 1.5, 3.5, 0.4372901404151404, 0.75, 0.46534773097273074, 0.05982905982905984, 0.22146545584045618, 0.1282051282051283, 0.7508394383394383, 0.11186787749287719]
Solution mochila: 90.0278379028
Padrão novo: [-0.0, -0.0, -0.0, -0.0, -0.0, 2.0, -0.0, -0.0, -0.0, -0.0, -0.0, -0.0, -0.0, -0.0, -0.0, -0.0, -0.0, 1.0, 5.0, -0.0]
Função Objetivo: 19.7982777254
Solution: [0.3185185185185184, 0.0, 0.0, 0.0, 0.0, 0.0, 0.0, 0.0, 0.0, 0.0, 0.0, 0.0, 0.0, 0.0, 0.3803272450532725, 0.0, 0.0, 0.6292929292929292, 0.0, 0.12162766362252661, 1.9777777777777776, 1.3333333333333333, 0.0, 0.06392694063926942, 1.0, 1.9573820395738202, 1.0, 0.8127853881278537, 0.9360730593607306, 0.0, 1.5, 3.5, 0.390625, 0.75, 0.0, 0.0, 0.0, 0.12328767123287687, 0.9375, 1.0222222222222224, 1.0333333333333334]
Solution mochila: 90.0315359477
Padrão novo: [1.0, 0.0, -0.0, 0.0, 0.0, 0.0, 0.0, 0.0, 0.0, 0.0, -0.0, 0.0, -0.0, 1.0, 0.0, 0.0, 0.0, 1.0, 0.0, 8.0]
Função Objetivo: 19.7880131221
Solution: [0.2062033634034972, 0.0, 0.0, 0.0, 0.0, 0.0, 0.0, 0.0, 0.0, 0.0, 0.0, 0.0, 0.0, 0.0, 0.3803272450532725, 0.0, 0.0, 0.5938249855723963, 0.0, 0.0, 1.9423098340572447, 1.3333333333333333, 0.0, 0.0639269406392694, 1.0, 1.9573820395738202, 1.0, 0.8127853881278537, 0.9360730593607306, 0.0, 1.5, 3.5, 0.36568660207150017, 0.616995211048001, 0.0, 0.0, 0.0, 0.12328767123287687, 1.0372535917139993, 1.0576901659427553, 1.086535248914133, 0.26600957790399793]
Solution mochila: 90.0222541686
Padrão novo: [0.0, 0.0, -0.0, 0.0, 0.0, 3.0, 0.0, 0.0, 0.0, 0.0, -0.0, 0.0, -0.0, 1.0, 0.0, 0.0, 0.0, 1.0, -0.0, -0.0]
Função Objetivo: 19.7796242579
Solution: [0.0, 0.0, 0.0, 0.0, 0.0, 0.0, 0.0, 0.0, 0.0, 0.0, 0.0, 0.0, 0.0, 0.0, 0.375, 0.0, 0.0, 0.4154782737478562, 0.0, 0.0, 1.193460910643227, 1.3333333333333333, 0.0, 0.0, 1.0, 2.0, 1.0, 0.8058131925168684, 0.9709340374156568, 0.15996810567252662, 1.5, 3.5, 0.309783327046884, 0.0, 0.927467270165801, 0.029065962584343186, 0.0, 0.005152739226261693, 1.260866691812464, 1.4866028780117198, 0.0, 0.026794243976560495, 1.4732057560234395]
Solution mochila: 90.0035463487
Padrão novo: [1.0, 1.0, 0.0, 0.0, 0.0, 0.0, 0.0, 0.0, 0.0, 0.0, 0.0, 0.0, 0.0, 0.0, 0.0, 0.0, 0.0, 4.0, 0.0, 0.0]
Função Objetivo: 19.7729267222
Solution: [0.0, 0.0, 0.0, 0.0, 0.0, 0.0, 0.0, 0.0, 0.0, 0.0, 0.0, 0.0, 0.0, 0.0, 0.375, 0.0, 0.0, 0.0, 0.0, 0.0, 1.8015234947607217, 1.3333333333333333, 0.0, 0.0, 1.0, 2.0, 1.0, 0.8119658119658117, 0.9401709401709402, 0.0, 0.6074349491775822, 3.5, 0.6409419889385969, 0.6351150321894439, 0.0, 0.05982905982905984, 0.7196374633304886, 0.1282051282051283, 0.8287970950680301, 0.4788390419087897, 0.0, 0.257191814537585, 0.8651431719059448, 1.7851301016448355]
Solution mochila: 90.0051498127
Padrão novo: [1.0, 0.0, 1.0, 0.0, 0.0, 0.0, 0.0, 0.0, 0.0, 0.0, 0.0, 0.0, 0.0, 0.0, 3.0, 0.0, 0.0, 0.0, 0.0, 0.0]
Função Objetivo: 19.768258427
Solution: [0.0, 0.0, 0.0, 0.0, 0.0, 0.0, 0.0, 0.0, 0.0, 0.0, 0.0, 0.0, 0.0, 0.0, 0.0, 0.0, 0.0, 0.0644082851294634, 0.0, 0.0, 2.6666666666666665, 1.3333333333333333, 0.0, 0.0, 0.1818181818181818, 2.5454545454545454, 1.0, 0.7999999999999998, 1.0, 0.038383838383838464, 0.4123243609277128, 3.5, 0.8003845316694479, 1.29060436769934, 0.3270711907583416, 0.0, 0.25656565656565655, 0.1616161616161617, 0.38613751239449534, 0.0, 0.0, 0.006466903673607353, 0.0, 2.1753512781445745, 0.8181818181818182]
Solution mochila: 90.0109753121
Padrão novo: [-0.0, -0.0, -0.0, -0.0, -0.0, -0.0, -0.0, -0.0, -0.0, -0.0, -0.0, -0.0, -0.0, -0.0, 3.000000000000001, -0.0, -0.0, 7.0, -0.0, -0.0]
Função Objetivo: 19.7647686324
Solution: [0.0, 0.0, 0.0, 0.0, 0.0, 0.0, 0.0, 0.0, 0.0, 0.0, 0.0, 0.0, 0.0, 0.0, 0.0, 0.0, 0.0, 0.0, 0.0, 0.0, 1.722901298836039, 1.3333333333333333, 0.0, 0.0, 0.858309923273076, 2.0944600511512825, 1.0, 0.8101492725205948, 0.9492536373970251, 0.0, 1.5, 3.5, 0.3441985336027277, 0.485476725013556, 0.0, 0.050746362602974965, 0.0, 0.1391043648764302, 1.1232058655890893, 1.277098701163961, 1.078247008204341, 0.30411252094515406, 0.22493402902773352, 0.0, 0.14169007672692402, 0.8268232395559816]
Solution mochila: 90.0
Padrão novo: [2.0, 0.0, 0.0, 1.0, 0.0, 0.0, 0.0, 0.0, 0.0, 0.0, 0.0, 0.0, 0.0, 0.0, 0.0, 0.0, 0.0, 0.0, 0.0, 1.0]
Função Objetivo: 19.7640449438
