Solution: [3.0, 2.0, 3.5, 4.0, 1.0, 1.6666666666666665, 1.0, 0.75, 2.5, 0.4, 0.6000000000000001, 0.6000000000000001, 0.5, 1.6666666666666665, 1.1428571428571428, 0.75, 0.3333333333333333, 0.7000000000000001, 0.6666666666666666, 0.13333333333333333]
Solution mochila: 77.3333333333
Padrão novo: [0.0, 0.0, 2.0, 0.0, -0.0, 1.0, 0.0, 0.0, 0.0, 0.0, 0.0, 0.0, 0.0, 0.0, 0.0, 0.0, 0.0, 0.0, 0.0, 0.0]
Função Objetivo: 26.9095238095
Solution: [3.0, 2.0, 0.0, 4.0, 1.0, 0.5, 1.0, 0.75, 2.5, 0.4, 0.6000000000000001, 0.6000000000000001, 0.5, 1.6666666666666665, 1.1428571428571428, 0.75, 0.3333333333333333, 0.7000000000000001, 0.6666666666666666, 0.13333333333333333, 3.5]
Solution mochila: 77.3333333333
Padrão novo: [0.0, 1.0, -0.0, 1.0, 0.0, 1.0, 0.0, 0.0, 0.0, 0.0, 0.0, 0.0, 0.0, 0.0, 0.0, 0.0, 0.0, 0.0, 0.0, 0.0]
Função Objetivo: 25.7428571429
Solution: [3.0, 1.25, 0.0, 3.25, 1.0, 0.0, 1.0, 0.75, 2.5, 0.4, 0.6000000000000001, 0.6000000000000001, 0.5, 1.6666666666666665, 1.1428571428571428, 0.75, 0.3333333333333333, 0.7000000000000001, 0.6666666666666666, 0.13333333333333333, 3.5, 1.5]
Solution mochila: 77.3333333333
Padrão novo: [0.0, 0.0, 0.0, 2.0, 0.0, -0.0, 0.0, 0.0, 1.0, 0.0, 0.0, 0.0, 0.0, 0.0, 0.0, 0.0, 0.0, 0.0, 1.0, 0.0]
Função Objetivo: 25.2428571429
Solution: [3.0, 1.25, 0.0, 0.0, 1.0, 0.0, 1.0, 0.75, 1.6875, 0.4, 0.6000000000000001, 0.6000000000000001, 0.5, 1.6666666666666665, 1.1428571428571428, 0.75, 0.3333333333333333, 0.7000000000000001, 0.3958333333333333, 0.13333333333333333, 3.5, 1.5, 3.25]
Solution mochila: 77.2666666667
Padrão novo: [0.0, 2.0, 0.0, -0.0, 0.0, -0.0, 0.0, 0.0, 0.0, 0.0, 0.0, 1.0, 0.0, 0.0, 0.0, 0.0, 0.0, 0.0, 0.0, 1.0]
Função Objetivo: 24.1595238095
Solution: [3.0, 0.0, 0.0, 0.0, 1.0, 0.0, 1.0, 0.75, 1.6875, 0.4, 0.6000000000000001, 0.3500000000000001, 0.5, 1.6666666666666665, 1.1428571428571428, 0.75, 0.3333333333333333, 0.7000000000000001, 0.3958333333333333, 0.05, 3.5, 1.5, 3.25, 1.25]
Solution mochila: 77.25
Padrão novo: [2.0, -0.0, -0.0, -0.0, -0.0, -0.0, -0.0, -0.0, 1.0, -0.0, -0.0, -0.0, -0.0, -0.0, -0.0, -0.0, -0.0, -0.0, -0.0, -0.0]
Função Objetivo: 23.8261904762
Solution: [0.0, 0.0, 0.0, 0.0, 1.0, 0.0, 1.0, 0.75, 0.9375, 0.4, 0.6000000000000001, 0.3500000000000001, 0.5, 1.6666666666666665, 1.1428571428571428, 0.75, 0.3333333333333333, 0.7000000000000001, 0.3958333333333333, 0.05, 3.5, 1.5, 3.25, 1.25, 3.0]
Solution mochila: 77.1666666667
Padrão novo: [0.0, 0.0, 0.0, 0.0, 0.0, 1.0, 0.0, 0.0, 2.0, 0.0, 0.0, 1.0, 0.0, 1.0, 0.0, 0.0, 0.0, 0.0, 0.0, 0.0]
Função Objetivo: 23.0761904762
Solution: [0.0, 0.0, 0.0, 0.0, 1.0, 0.0, 1.0, 0.75, 0.20833333333333315, 0.4, 0.6000000000000001, 0.0, 0.5, 1.472222222222222, 1.1428571428571428, 0.75, 0.3333333333333333, 0.7000000000000001, 0.3472222222222222, 0.011111111111111113, 3.5, 0.3333333333333333, 3.8333333333333335, 1.8333333333333333, 3.0, 1.1666666666666667]
Solution mochila: 77.1666666667
Padrão novo: [0.0, 0.0, 0.0, 0.0, 0.0, 0.0, 0.0, 1.0, 3.0, 0.0, 0.0, 0.0, 0.0, 1.0, 0.0, 0.0, 0.0, 0.0, 0.0, 0.0]
Função Objetivo: 22.8817460317
Solution: [0.0, 0.0, 0.0, 0.0, 1.0, 0.0, 1.0, 0.6805555555555556, 0.0, 0.4, 0.6000000000000001, 0.0, 0.5, 1.4259259259259258, 1.1428571428571428, 0.75, 0.3333333333333333, 0.7000000000000001, 0.3472222222222222, 0.011111111111111113, 3.5, 0.3333333333333333, 3.8333333333333335, 1.8333333333333333, 3.0, 1.1666666666666667, 0.2777777777777777]
Solution mochila: 77.1428571429
Padrão novo: [-0.0, -0.0, -0.0, 0.0, 0.0, 0.0, 0.0, 0.0, -0.0, 0.0, 0.0, 0.0, 0.0, 6.0, 1.0, 0.0, 0.0, 0.0, 0.0, 0.0]
Função Objetivo: 22.8354497354
Solution: [0.0, 0.0, 0.0, 0.0, 1.0, 0.0, 1.0, 0.6805555555555556, 0.0, 0.4, 0.6000000000000001, 0.0, 0.5, 0.0, 0.9391534391534391, 0.75, 0.3333333333333333, 0.7000000000000001, 0.3472222222222222, 0.011111111111111113, 3.5, 0.3333333333333333, 3.8333333333333335, 1.8333333333333333, 3.0, 1.1666666666666667, 0.2777777777777777, 1.4259259259259258]
Solution mochila: 77.1
Padrão novo: [0.0, 0.0, 0.0, 0.0, 0.0, 0.0, 0.0, 2.0, 0.0, 0.0, 1.0, 0.0, 0.0, 0.0, 0.0, 0.0, 0.0, 4.0, 0.0, 0.0]
Função Objetivo: 22.6317460317
Solution: [0.0, 0.0, 0.0, 0.0, 1.0, 0.0, 1.0, 0.0, 0.0, 0.4, 0.32777777777777783, 0.0, 0.5, 0.0, 0.9391534391534391, 0.75, 0.3333333333333333, 0.15555555555555556, 0.3472222222222222, 0.011111111111111113, 3.5, 0.3333333333333333, 3.8333333333333335, 1.8333333333333333, 3.0, 1.1666666666666667, 0.2777777777777777, 1.4259259259259258, 1.3611111111111112]
Solution mochila: 77.0857142857
Padrão novo: [-0.0, -0.0, -0.0, -0.0, -0.0, -0.0, -0.0, -0.0, -0.0, -0.0, 3.0, -0.0, -0.0, -0.0, 1.9999999999999978, -0.0, -0.0, 2.000000000000003, -0.0, -0.0]
Função Objetivo: 22.4956349206
Solution: [0.0, 0.0, 0.0, 0.0, 1.0, 0.0, 1.0, 0.0, 0.0, 0.4, 0.0, 0.0, 0.5, 0.0, 0.7830687830687832, 0.75, 0.3333333333333333, 0.04629629629629613, 0.3472222222222222, 0.011111111111111113, 3.5, 0.3333333333333333, 3.8333333333333335, 1.8333333333333333, 3.0, 1.1666666666666667, 0.2777777777777777, 1.4259259259259258, 1.3611111111111112, 0.5462962962962963]
Solution mochila: 77.0833333333
Padrão novo: [0.0, 0.0, 0.0, 0.0, 0.0, 0.0, 0.0, 0.0, 0.0, 0.0, 0.0, 0.0, 0.0, 0.0, 7.0, 0.0, 0.0, 0.0, 1.0, 0.0]
Função Objetivo: 22.4488095238
Solution: [0.0, 0.0, 0.0, 0.0, 1.0, 0.0, 1.0, 0.0, 0.0, 0.4, 0.0, 0.0, 0.5, 0.0, 0.0, 0.75, 0.3333333333333333, 0.04629629629629613, 0.2819664902998236, 0.011111111111111113, 3.5, 0.3333333333333333, 3.8333333333333335, 1.8333333333333333, 3.0, 1.1666666666666667, 0.2777777777777777, 1.4259259259259258, 1.3611111111111112, 0.5462962962962963, 0.7830687830687832]
Solution mochila: 77.075
Padrão novo: [-0.0, -0.0, -0.0, -0.0, -0.0, -0.0, -0.0, -0.0, -0.0, -0.0, -0.0, -0.0, 0.0, -0.0, -0.0, 3.0, -0.0, 7.0, -0.0, -0.0]
Função Objetivo: 22.3835537919
Solution: [0.0, 0.0, 0.0, 0.0, 1.0, 0.0, 1.0, 0.0, 0.0, 0.4, 0.0, 0.0, 0.5, 0.0, 0.0, 0.7251984126984128, 0.3333333333333333, 0.0, 0.2819664902998236, 0.011111111111111113, 3.5, 0.3333333333333333, 3.8333333333333335, 1.8333333333333333, 3.0, 1.1666666666666667, 0.2777777777777777, 1.4259259259259258, 1.3611111111111112, 0.5462962962962963, 0.7830687830687832, 0.06613756613756588]
Solution mochila: 77.0555555556
Padrão novo: [-0.0, -0.0, -0.0, -0.0, 0.0, 0.0, 0.0, 0.0, 0.0, 0.0, 0.0, 0.0, 0.0, 0.0, 0.0, 6.0, 2.0, 0.0, 1.0, 0.0]
Função Objetivo: 22.3785934744
Solution: [0.0, 0.0, 0.0, 0.0, 1.0, 0.0, 1.0, 0.0, 0.0, 0.4, 0.0, 0.0, 0.5, 0.0, 0.0, 0.0, 0.11845972957084064, 0.0, 0.20138888888888887, 0.011111111111111113, 3.5, 0.3333333333333333, 3.8333333333333335, 1.8333333333333333, 3.0, 1.1666666666666667, 0.2777777777777777, 1.4259259259259258, 1.3611111111111112, 0.5462962962962963, 0.7830687830687832, 0.06613756613756588, 0.9669312169312171]
Solution mochila: 77.0555555556
Padrão novo: [-0.0, -0.0, -0.0, -0.0, 0.0, 0.0, 0.0, 0.0, 0.0, 0.0, 0.0, 0.0, 1.0, 0.0, 0.0, 0.0, 2.0, 0.0, 8.0, 0.0]
Função Objetivo: 22.3248750735
Solution: [0.0, 0.0, 0.0, 0.0, 1.0, 0.0, 1.0, 0.0, 0.0, 0.4, 0.0, 0.0, 0.4496527777777778, 0.0, 0.0, 0.0, 0.051330099941211044, 0.0, 0.0, 0.011111111111111113, 3.5, 0.3333333333333333, 3.8333333333333335, 1.8333333333333333, 3.0, 1.1666666666666667, 0.2777777777777777, 1.4259259259259258, 1.3611111111111112, 0.5462962962962963, 0.7830687830687832, 0.06613756613756588, 0.9669312169312171, 0.3020833333333332]
Solution mochila: 77.0446759259
Padrão novo: [0.0, 0.0, 0.0, 0.0, 0.0, 0.0, 0.0, 0.0, 0.0, 0.0, 0.0, 0.0, 3.0, 1.0, 0.0, 0.0, 3.0, 0.0, 0.0, 1.0]
Função Objetivo: 22.3080926661
Solution: [0.0, 0.0, 0.0, 0.0, 1.0, 0.0, 1.0, 0.0, 0.0, 0.4, 0.0, 0.0, 0.37258109193165523, 0.0, 0.0, 0.0, 0.0, 0.0, 0.0, 0.000824681540387312, 3.5, 0.33333333333333326, 3.8333333333333335, 1.8333333333333333, 3.0, 1.1666666666666667, 0.2777777777777777, 1.4002098519991164, 1.3611111111111112, 0.5462962962962963, 0.7867425079154704, 0.06613756613756605, 0.966931216931217, 0.30162411772749753, 0.15429644356085703]
Solution mochila: 77.0347028937
Padrão novo: [0.0, 0.0, 0.0, 0.0, 1.0, 0.0, 0.0, 0.0, 0.0, 0.0, 0.0, 0.0, 3.0, 0.0, 0.0, 1.0, 0.0, 0.0, 1.0, 0.0]
Função Objetivo: 22.3011993296
Solution: [0.0, 0.0, 0.0, 0.0, 0.7469453009021354, 0.0, 1.0, 0.0, 0.0, 0.4, 0.0, 0.0, 0.0, 0.0, 0.0, 0.0, 0.04157520544411031, 0.0, 0.0, 0.0, 3.5, 0.3333333333333335, 3.833333333333333, 1.8333333333333335, 3.0, 1.1666666666666665, 0.2777777777777777, 1.3981481481481481, 1.3611111111111112, 0.5462962962962963, 0.7870370370370372, 0.06613756613756588, 0.8404038673822848, 0.22250770811921894, 0.16666666666666652, 0.7591640972935938]
Solution mochila: 77.0326088336
Padrão novo: [0.0, 0.0, 0.0, 0.0, 0.0, 0.0, 0.0, 0.0, 0.0, 0.0, 0.0, 3.0, 0.0, 0.0, 0.0, 0.0, 3.0, 1.0, 1.0000000000000038, -0.0]
Função Objetivo: 22.280437449
Solution: [0.0, 0.0, 0.0, 0.0, 0.6905110904296572, 0.0, 1.0, 0.0, 0.0, 0.4, 0.0, 0.0, 0.0, 0.0, 0.0, 0.0, 0.0, 0.0, 0.0, 0.034087947882736155, 3.5, 1.0226384364820846, 3.4886807817589576, 1.4886807817589576, 3.0, 0.4773615635179154, 0.8521986970684039, 1.44507328990228, 1.073900651465798, 0.6420331161780674, 0.752980068248798, 0.15366837288661372, 0.7684213587715217, 0.21459981386691485, 0.0, 0.9284667287110284, 0.3446525515743756]
Solution mochila: 77.007616721
Padrão novo: [0.0, 0.0, 0.0, 0.0, 1.0, 0.0, 0.0, 0.0, 0.0, 1.0, 0.0, 0.0, 0.0, 0.0, 0.0, 0.0, 0.0, 0.0, 6.0, 0.0]
Função Objetivo: 22.2779552505
Solution: [0.0, 0.0, 0.0, 0.0, 0.5726366333302751, 0.0, 1.0, 0.0, 0.0, 0.3435819799981651, 0.0, 0.0, 0.0, 0.0, 0.0, 0.0, 0.0, 0.0, 0.0, 0.045086705202312144, 3.5, 1.3526011560693643, 3.3236994219653178, 1.3236994219653178, 3.0, 0.1473988439306358, 1.1271676300578033, 1.4542389210019266, 0.9364161849710984, 0.6878612716763006, 0.7385769336636391, 0.1955684007707128, 0.7355491329479769, 0.0, 0.0, 1.0, 0.5096339113680154, 0.2820901000091748]
Solution mochila: 77.0078080558
Padrão novo: [0.0, 0.0, 0.0, 0.0, 0.0, 0.0, 0.0, 0.0, 0.0, 2.0, 0.0, 0.0, 0.0, 0.0, 2.0, 0.0, 2.0, 0.0, 0.0, 2.0]
Função Objetivo: 22.2758066489
Solution: [0.0, 0.0, 0.0, 0.0, 0.5708512689444895, 0.0, 1.0, 0.0, 0.0, 0.24335821899381227, 0.0, 0.0, 0.0, 0.0, 0.0, 0.0, 0.0, 0.0, 0.0, 0.0, 3.5, 0.9915254237288137, 3.504237288135593, 1.5042372881355932, 3.0, 0.5084745762711863, 0.826271186440678, 1.4442090395480225, 1.086864406779661, 0.6377118644067797, 0.6835149313962876, 0.14971751412429368, 0.7584745762711864, 0.0, 0.0, 1.0, 0.32909604519774016, 0.28744619316653197, 0.2478813559322034]
Solution mochila: 77.0113128867
Padrão novo: [0.0, 0.0, 0.0, 0.0, 2.0, 0.0, 0.0, 0.0, 0.0, 0.0, 0.0, 2.0, 0.0, 0.0, 0.0, 0.0, 0.0, 0.0, 0.0, 0.0]
Função Objetivo: 22.2738711775
Solution: [0.0, 0.0, 0.0, 0.0, 0.05961829176114897, 0.0, 1.0, 0.0, 0.0, 0.23577097505668937, 0.0, 0.0, 0.0, 0.0, 0.0, 0.0, 0.0, 0.0, 0.0, 0.0, 3.5, 1.5, 3.25, 1.25, 3.0, 0.0, 1.25, 1.3954081632653061, 0.875, 0.7083333333333333, 0.6879251700680274, 0.2976190476190473, 0.7474489795918369, 0.0, 0.37755102040816313, 0.6224489795918368, 0.0, 0.44869614512471645, 0.18622448979591844, 0.875]
Solution mochila: 77.0129125724
Padrão novo: [0.0, 0.0, 0.0, 1.0, 1.0, 0.0, 0.0, 0.0, 0.0, 0.0, 0.0, 0.0, 0.0, 0.0, 0.0, 0.0, 3.0, 0.0, 0.0, 0.0]
Função Objetivo: 22.2670445956
Solution: [0.0, 0.0, 0.0, 0.0, 0.0, 0.0, 1.0, 0.0, 0.0, 0.1694686908418595, 0.0, 0.0, 0.0, 0.0, 0.0, 0.0, 0.0, 0.0, 0.0, 0.0, 3.5, 1.5, 3.160050162420171, 1.25, 3.0, 0.0, 1.2799832791932761, 1.453336120134454, 0.8600083604033619, 0.7133305465322127, 0.6242861124001602, 0.28892191309600057, 0.688872376785333, 0.0, 0.0, 1.0, 0.11085207365012012, 0.4026565457907024, 0.375, 0.7087218895248198, 0.1798996751596579]
Solution mochila: 77.0054184253
Padrão novo: [0.0, 0.0, 0.0, 0.0, 0.0, 0.0, 0.0, 0.0, 1.0, 2.0, 0.0, 0.0, 0.0, 0.0, 3.0, 0.0, 0.0, 0.0, 0.0, 0.0]
Função Objetivo: 22.2653877459
Solution: [0.0, 0.0, 0.0, 0.0, 0.0, 0.0, 1.0, 0.0, 0.0, 0.0, 0.0, 0.0, 0.0, 0.0, 0.0, 0.0, 0.0, 0.0, 0.0, 0.0, 3.5, 1.5, 3.1672980882058326, 1.25, 3.0, 0.0, 1.140390229243582, 1.4766016284594028, 0.929804885378209, 0.6900650382072637, 0.45123923184797254, 0.2552195128931629, 0.7057235768867518, 0.0, 0.0, 1.0, 0.11411379182049738, 0.4269375518731575, 0.375, 0.7038293122692539, 0.1654038235883347, 0.41153122406342124]
Solution mochila: 77.0
Padrão novo: [-0.0, -0.0, -0.0, -0.0, -0.0, -0.0, 4.0, -0.0, -0.0, -0.0, -0.0, -0.0, -0.0, -0.0, -0.0, -0.0, -0.0, -0.0, -0.0, -0.0]
Função Objetivo: 22.2631578947
