Solution: [4.0, 2.5, 1.0, 3.0, 2.333333333333333, 1.6666666666666665, 0.6666666666666666, 1.6666666666666665, 1.5, 2.25, 0.5, 0.2, 1.8, 1.6666666666666665, 0.5, 0.7142857142857142, 0.875, 0.3333333333333333, 0.7000000000000001, 0.3125]
Solution mochila: 84.3958333333
Padrão novo: [0.0, 0.0, 2.0, -0.0, 0.0, 0.0, 0.0, 1.0, 0.0, 0.0, 0.0, -0.0, 0.0, 0.0, 0.0, 0.0, 0.0, 0.0, 0.0, 1.0]
Função Objetivo: 28.1851190476
Solution: [4.0, 2.5, 0.0, 3.0, 2.333333333333333, 1.6666666666666665, 0.6666666666666666, 1.3333333333333333, 1.5, 2.25, 0.5, 0.2, 1.8, 1.6666666666666665, 0.5, 0.7142857142857142, 0.875, 0.3333333333333333, 0.7000000000000001, 0.25, 1.0]
Solution mochila: 84.35
Padrão novo: [0.0, 2.0, 0.0, 0.0, 0.0, 0.0, 0.0, 0.0, 0.0, 0.0, 1.0, 0.0, 0.0, 0.0, 0.0, 0.0, 0.0, 0.0, 1.0, 0.0]
Função Objetivo: 27.7892857143
Solution: [4.0, 0.0, 0.0, 3.0, 2.333333333333333, 1.6666666666666665, 0.6666666666666666, 1.3333333333333333, 1.5, 2.25, 0.0, 0.2, 1.8, 1.6666666666666665, 0.5, 0.7142857142857142, 0.875, 0.3333333333333333, 0.45000000000000007, 0.25, 1.0, 2.5]
Solution mochila: 84.3333333333
Padrão novo: [2.0000000000000004, -0.0, -0.0, -0.0, -0.0, -0.0, 1.0000000000000018, 0.0, -0.0, -0.0, -0.0, -0.0, -0.0, -0.0, -0.0, -0.0, -0.0, -0.0, -0.0, -0.0]
Função Objetivo: 27.0392857143
Solution: [2.000000000000003, 0.0, 0.0, 3.0, 2.333333333333333, 1.6666666666666665, 0.0, 1.3333333333333333, 1.5, 2.25, 0.0, 0.2, 1.8, 1.6666666666666665, 0.5, 0.7142857142857142, 0.875, 0.3333333333333333, 0.45000000000000007, 0.25, 1.0, 2.5, 1.9999999999999964]
Solution mochila: 84.3125
Padrão novo: [2.0, -0.0, -0.0, -0.0, -0.0, -0.0, -0.0, 0.0, -0.0, 1.000000000000012, -0.0, -0.0, 0.0, -0.0, -0.0, -0.0, -0.0, -0.0, 0.0, 1.0000000000000153]
Função Objetivo: 26.3726190476
Solution: [0.0, 0.0, 0.0, 3.0, 2.333333333333333, 1.6666666666666665, 0.0, 1.3333333333333333, 1.5, 1.7499999999999933, 0.0, 0.2, 1.8, 1.6666666666666665, 0.5, 0.7142857142857142, 0.875, 0.3333333333333333, 0.45000000000000007, 0.12499999999999789, 1.0, 2.5, 1.9999999999999964, 2.000000000000003]
Solution mochila: 84.2428571429
Padrão novo: [0.0, 2.0, 0.0, 0.0, 0.0, 0.0, 0.0, 0.0, 0.0, 0.0, 0.0, 0.0, 1.0, 0.0, 0.0, 1.0, 0.0, 0.0, 0.0, 0.0]
Função Objetivo: 25.7476190476
Solution: [0.0, 0.0, 0.0, 3.0, 2.333333333333333, 1.6666666666666665, 0.0, 1.3333333333333333, 1.5, 1.7499999999999933, 0.0, 0.2, 1.7, 1.6666666666666665, 0.5, 0.6428571428571428, 0.875, 0.3333333333333333, 0.5, 0.12499999999999789, 1.0, 2.0, 1.9999999999999964, 2.000000000000003, 0.5]
Solution mochila: 84.2428571429
Padrão novo: [-0.0, -0.0, -0.0, -0.0, -0.0, -0.0, -0.0, 3.0, -0.0, -0.0, 1.0, -0.0, -0.0, -0.0, -0.0, -0.0, -0.0, -0.0, -0.0, -0.0]
Função Objetivo: 25.6261904762
Solution: [0.0, 0.0, 0.0, 3.0, 2.333333333333333, 1.6666666666666665, 0.0, 0.0, 1.5, 1.7499999999999933, 0.0, 0.2, 1.4333333333333333, 1.6666666666666665, 0.5, 0.45238095238095233, 0.875, 0.3333333333333333, 0.6333333333333334, 0.12499999999999789, 1.0, 0.6666666666666667, 1.9999999999999964, 2.000000000000003, 1.8333333333333333, 1.3333333333333333]
Solution mochila: 84.1761904762
Padrão novo: [0.0, 0.0, 0.0, 0.0, 0.0, 0.0, 0.0, 0.0, 0.0, 0.0, 1.0, 0.0, 3.0, 0.0, 2.0, 0.0, 0.0, 0.0, 0.0, 0.0]
Função Objetivo: 25.3023809524
Solution: [0.0, 0.0, 0.0, 3.0, 2.333333333333333, 1.6666666666666665, 0.0, 0.0, 1.5, 1.7499999999999933, 0.0, 0.2, 0.8999999999999999, 1.6666666666666665, 0.2777777777777778, 0.3571428571428571, 0.875, 0.3333333333333333, 0.7000000000000001, 0.12499999999999789, 1.0, 0.0, 1.9999999999999964, 2.000000000000003, 2.5, 1.3333333333333333, 0.6666666666666667]
Solution mochila: 84.1736111111
Padrão novo: [0.0, 0.0, 0.0, 0.0, 0.0, 0.0, 0.0, 1.0, 0.0, 0.0, 0.0, 0.0, 4.0, 0.0, 0.0, 0.0, 0.0, 0.0, 0.0, 1.0]
Função Objetivo: 25.1849206349
Solution: [0.0, 0.0, 0.0, 3.0, 2.333333333333333, 1.6666666666666665, 0.0, 0.0, 1.5, 1.7499999999999933, 0.0, 0.2, 0.0, 1.6666666666666665, 0.17777777777777776, 0.3571428571428571, 0.875, 0.3333333333333333, 0.7000000000000001, 0.06874999999999787, 1.0, 0.0, 1.9999999999999964, 2.000000000000003, 2.5, 1.0333333333333332, 0.9666666666666668, 0.8999999999999999]
Solution mochila: 84.1458333333
Padrão novo: [-0.0, -0.0, -0.0, -0.0, -0.0, 1.000000000000004, -0.0, -0.0, -0.0, 2.9999999999999947, -0.0, -0.0, -0.0, -0.0, -0.0, -0.0, -0.0, -0.0, -0.0, 1.0]
Função Objetivo: 25.0286706349
Solution: [0.0, 0.0, 0.0, 3.0, 2.333333333333333, 0.8888888888888873, 0.0, 0.0, 1.5, 0.0, 0.0, 0.2, 0.0, 1.6666666666666665, 0.17777777777777776, 0.3571428571428571, 0.875, 0.3333333333333333, 0.7000000000000001, 0.0, 1.0, 0.0, 1.9999999999999964, 2.000000000000003, 2.5, 1.0333333333333332, 0.9666666666666668, 0.8999999999999999, 2.3333333333333286]
Solution mochila: 84.1428571429
Padrão novo: [-0.0, -0.0, -0.0, -0.0, -0.0, 3.0, -0.0, -0.0, -0.0, -0.0, -0.0, -0.0, -0.0, -0.0, 0.0, 1.0000000000000067, -0.0, -0.0, -0.0, -0.0]
Função Objetivo: 24.7654761905
Solution: [0.0, 0.0, 0.0, 3.0, 2.333333333333333, 0.0, 0.0, 0.0, 1.5, 0.0, 0.0, 0.2, 0.0, 1.6666666666666665, 0.17777777777777776, 0.2301587301587295, 0.875, 0.3333333333333333, 0.7000000000000001, 0.0, 1.0, 0.0, 1.9999999999999964, 2.000000000000003, 2.5, 1.0333333333333332, 0.9666666666666668, 0.8999999999999999, 2.3333333333333286, 0.8888888888888873]
Solution mochila: 84.119047619
Padrão novo: [0.0, -0.0, 0.0, 0.0, 0.0, 0.0, -0.0, 0.0, 0.0, 2.0, -0.0, -0.0, 0.0, 0.0, 3.0, 1.0, 0.0, 0.0, 0.0, -0.0]
Função Objetivo: 24.6384920635
Solution: [0.0, 0.0, 0.0, 3.0, 2.333333333333333, 0.0, 0.0, 0.0, 1.5, 0.0, 0.0, 0.2, 0.0, 1.6666666666666665, 0.0, 0.16807760141093397, 0.875, 0.3333333333333333, 0.7000000000000001, 0.0, 1.0, 0.0, 1.9999999999999964, 2.000000000000003, 2.5, 1.0333333333333332, 0.9666666666666668, 0.8999999999999999, 2.096296296296291, 0.9679012345679, 0.3555555555555555]
Solution mochila: 84.0973544974
Padrão novo: [-0.0, -0.0, -0.0, -0.0, -0.0, -0.0, -0.0, -0.0, -0.0, 3.0, -0.0, 1.0, 1.0, -0.0, -0.0, -0.0, -0.0, -0.0, -0.0, -0.0]
Função Objetivo: 24.5961640212
Solution: [0.0, 0.0, 0.0, 3.0, 2.333333333333333, 0.0, 0.0, 0.0, 1.5, 0.0, 0.0, 0.0, 0.0, 1.6666666666666665, 0.0, 0.14099702380951903, 0.875, 0.3333333333333333, 0.6507812500000056, 0.0, 1.0, 0.49218749999994404, 1.9999999999999964, 2.000000000000003, 2.007812500000056, 0.9687500000000149, 0.5390625000000411, 1.0937499999999554, 0.9062500000000109, 1.3645833333333284, 0.6406249999999727, 1.0]
Solution mochila: 84.0714285714
Padrão novo: [-0.0, -0.0, -0.0, 0.0, 1.0, -0.0, 0.0, 0.0, 0.0, 0.0, 0.0, -0.0, 0.0, 1.0, 0.0, 4.0, 0.0, 0.0, 0.0, 0.0]
Função Objetivo: 24.5131324405
Solution: [0.0, 0.0, 0.0, 3.0, 2.251085069444447, 0.0, 0.0, 0.0, 1.5, 0.0, 0.0, 0.0, 0.0, 1.6255425347222234, 0.0, 0.0, 0.875, 0.3333333333333333, 0.6507812500000056, 0.0, 1.0, 0.49218749999994404, 1.9999999999999964, 2.000000000000003, 2.007812500000056, 0.9687500000000149, 0.5390625000000411, 1.0937499999999554, 0.9062500000000109, 1.3645833333333284, 0.6406249999999727, 1.0, 0.24674479166665853]
Solution mochila: 84.0555555556
Padrão novo: [0.0, 0.0, 0.0, 0.0, 1.0, 0.0, 0.0, 0.0, 0.0, 0.0, 0.0, 0.0, 0.0, 3.0, 0.0, 0.0, 0.0, 2.0, 0.0, 0.0]
Função Objetivo: 24.4955078125
Solution: [0.0, 0.0, 0.0, 3.0, 1.7510850694444469, 0.0, 0.0, 0.0, 1.5, 0.0, 0.0, 0.0, 0.0, 0.8755425347222234, 0.0, 0.0, 0.875, 0.0, 0.6507812500000056, 0.0, 1.0, 0.49218749999994404, 1.9999999999999964, 2.000000000000003, 2.007812500000056, 0.9687500000000149, 0.5390625000000411, 1.0937499999999554, 0.9062500000000109, 1.3645833333333284, 0.6406249999999727, 1.0, 0.24674479166665853, 1.5]
Solution mochila: 84.0583333333
Padrão novo: [0.0, 0.0, 0.0, 0.0, 2.0, 0.0, 0.0, 0.0, 0.0, 0.0, 0.0, 0.0, 0.0, 1.0, 0.0, 0.0, 1.0, 0.0, 1.0, 0.0]
Função Objetivo: 24.4121744792
Solution: [0.0, 0.0, 0.0, 3.0, 0.0, 0.0, 0.0, 0.0, 1.5, 0.0, 0.0, 0.0, 0.0, 0.4377712673611117, 0.0, 0.0, 0.5466715494791662, 0.0, 0.38811848958333856, 0.0, 1.0, 0.49218749999994404, 1.9999999999999964, 2.000000000000003, 2.007812500000056, 0.9687500000000149, 0.5390625000000411, 1.0937499999999554, 0.9062500000000109, 1.3645833333333284, 0.6406249999999727, 1.0, 0.24674479166665853, 1.5, 2.6266276041666705]
Solution mochila: 84.0583333333
Padrão novo: [-0.0, -0.0, -0.0, -0.0, -0.0, -0.0, -0.0, -0.0, -0.0, -0.0, -0.0, -0.0, -0.0, 5.0, -0.0, -0.0, 0.9999999999999911, -0.0, 1.0000000000000107, -0.0]
Função Objetivo: 24.2589545356
Solution: [0.0, 0.0, 0.0, 3.0, 0.0, 0.0, 0.0, 0.0, 1.5, 0.0, 0.0, 0.0, 0.0, 0.0, 0.0, 0.0, 0.29350585937500084, 0.3333333333333333, 0.18558593750000377, 0.0, 1.0, 0.49218749999994404, 1.9999999999999964, 2.000000000000003, 2.007812500000056, 0.9687500000000149, 0.5390625000000411, 1.0937499999999554, 0.9062500000000109, 1.3645833333333284, 0.6406249999999727, 1.0, 0.24674479166665853, 0.0, 3.3766276041666705, 1.275325520833334]
Solution mochila: 84.03375
Padrão novo: [0.0, 0.0, 0.0, 0.0, 0.0, 0.0, 0.0, 0.0, 0.0, 0.0, 0.0, 0.0, 0.0, 0.0, 0.0, 1.0, 4.0, 0.0, 4.0, 0.0]
Função Objetivo: 24.2241438802
Solution: [0.0, 0.0, 0.0, 3.0, 0.0, 0.0, 0.0, 0.0, 1.5, 0.0, 0.0, 0.0, 0.0, 0.0, 0.0, 0.0, 0.026076158940400385, 0.0, 0.0, 0.008402317880792626, 1.0, 0.20860927152319197, 1.9999999999999964, 2.000000000000003, 2.291390728476808, 1.0443708609271487, 0.7470198675496593, 0.8668874172185541, 0.9986754966887301, 1.3337748344370886, 0.5019867549668938, 1.0, 0.0, 1.5, 2.75, 0.55, 0.8728476821192005]
Solution mochila: 84.0313623463
Padrão novo: [-0.0, -0.0, -0.0, 0.0, -0.0, -0.0, -0.0, -0.0, 0.0, -0.0, -0.0, 0.0, 0.0, 1.0, 0.0, -0.0, 7.0, 0.0, 0.0, 0.0]
Função Objetivo: 24.2000413907
Solution: [0.0, 0.0, 0.0, 3.0, 0.0, 0.0, 0.0, 0.0, 1.5, 0.0, 0.0, 0.0, 0.0, 0.0, 0.0, 0.0, 0.0, 0.0, 0.0, 0.0, 1.0, 0.4921874999999445, 1.9999999999999964, 2.000000000000003, 2.0078125000000555, 0.9687500000000148, 0.5390625000000409, 1.0937499999999556, 0.9062500000000108, 1.3645833333333284, 0.6406249999999728, 1.0, 0.04373744979918602, 1.5, 2.728131275100407, 0.5315637550200826, 0.81202936746989, 0.07031249999999371]
Solution mochila: 84.0271084337
Padrão novo: [0.0, 0.0, 0.0, 0.0, 0.0, 0.0, 1.0, 0.0, 3.0, 0.0, 0.0, 0.0, 0.0, 0.0, 0.0, 0.0, 0.0, 0.0, 0.0, 0.0]
Função Objetivo: 24.1987951807
Solution: [0.0, 0.0, 0.0, 3.0, 0.0, 0.0, 0.0, 0.0, 1.237500000000034, 0.0, 0.0, 0.0, 0.0, 0.0, 0.0, 0.0, 0.0, 0.0, 0.07205882352941334, 0.0, 1.0, 0.0, 1.6500000000000425, 2.349999999999957, 2.5, 1.0999999999999999, 0.9000000000000001, 0.7000000000000001, 0.9500000000000067, 1.3499999999999963, 0.3999999999999999, 1.0, 0.0, 1.5, 2.75, 0.5294117647058816, 0.7499999999999949, 0.10294117647059231, 0.34999999999995457]
Solution mochila: 84.0447712418
Padrão novo: [0.0, -0.0, 1.0, 0.0, -0.0, -0.0, -0.0, -0.0, 0.0, 1.0, -0.0, -0.0, 2.0, -0.0, -0.0, -0.0, -0.0, 1.0, 0.0, -0.0]
Função Objetivo: 24.1919117647
Solution: [0.0, 0.0, 0.0, 3.0, 0.0, 0.0, 0.0, 0.0, 0.0, 0.0, 0.0, 0.0, 0.0, 0.0, 0.0, 0.0, 0.0, 0.0, 0.21974789915967774, 0.0, 0.5595238095237497, 0.00595238095236285, 0.0, 4.0, 2.4940476190476373, 1.3333333333333537, 0.6607142857142836, 0.440476190476189, 0.0, 1.6666666666666665, 0.559523809523811, 1.0, 0.0, 1.059523809523811, 2.9702380952380945, 0.7072829131652613, 0.279761904761874, 0.31477591036416497, 2.0, 0.880952380952378]
Solution mochila: 84.0510504202
Padrão novo: [-0.0, -0.0, -0.0, -0.0, -0.0, -0.0, -0.0, -0.0, -0.0, -0.0, -0.0, 1.0, -0.0, -0.0, 3.0, -0.0, -0.0, -0.0, 4.0, -0.0]
Função Objetivo: 24.1525210084
Solution: [0.0, 0.0, 0.0, 3.0, 0.0, 0.0, 0.0, 0.0, 0.0, 0.0, 0.0, 0.0, 0.0, 0.0, 0.0, 0.0, 0.0, 0.0, 0.0, 0.0, 0.017175572519091964, 0.0, 0.0, 4.0, 2.5, 1.5763358778625913, 0.42366412213740867, 0.25381679389313416, 0.7290076335877739, 1.4236641221374076, 0.0, 0.28244274809160574, 0.2636379761138302, 0.517175572519092, 3.1095932256835392, 0.9330418730538259, 0.021783973407262066, 0.4100327153762279, 2.0, 1.965648854961816, 0.7175572519083943]
Solution mochila: 84.0271084337
Padrão novo: [-0.0, -0.0, -0.0, 0.0, -0.0, -0.0, -0.0, -0.0, 3.0, -0.0, -0.0, -0.0, -0.0, -0.0, -0.0, -0.0, -0.0, -0.0, 0.9999999999999966, 3.000000000000006]
Função Objetivo: 24.1445783133
Solution: [0.0, 0.0, 0.0, 3.0, 0.0, 0.0, 0.0, 0.0, 0.0, 0.0, 0.0, 0.0, 0.0, 0.0, 0.0, 0.0, 0.0, 0.0, 0.0, 0.0, 0.0, 0.0, 0.013677811550131924, 3.986322188449868, 2.5, 1.5851063829787233, 0.4148936170212767, 0.2446808510638297, 0.727963525835845, 1.4240121580547171, 0.0, 0.27659574468085113, 0.2667578695153999, 0.5, 3.1166210652423, 0.9402586463962674, 0.008956363883673685, 0.4153278332609638, 1.9863221884498679, 2.0, 0.7234042553191489, 0.013677811550132056]
Solution mochila: 84.016064257
Padrão novo: [0.0, 1.0, 0.0, 2.0, 0.0, 0.0, 0.0, 0.0, 0.0, 0.0, 0.0, 0.0, 0.0, 0.0, 0.0, 0.0, 0.0, 0.0, 0.0, 0.0]
Função Objetivo: 24.1445783133
Solution: [0.0, 0.0, 0.0, 0.0, 0.0, 0.0, 0.0, 0.0, 0.0, 0.0, 0.0, 0.0, 0.0, 0.0, 0.0, 0.0, 0.0, 0.0, 0.0, 0.0, 0.0, 0.0, 0.20322939866366552, 3.7967706013363345, 0.25, 1.4688195991091302, 0.5311804008908697, 0.5935412026726087, 0.0, 1.6666666666666665, 0.4281737193763764, 0.7822939866369563, 0.5400002811117234, 0.5, 2.9799998594441384, 0.9653127303998031, 0.49515848951005237, 0.1534362074451226, 1.7967706013363343, 2.0, 0.21770601336304285, 0.2032293986636658, 4.5]
Solution mochila: 84.0
Padrão novo: [1.0, 0.0, 0.0, 1.0, 0.0, 0.0, 0.0, 0.0, 0.0, 0.0, 0.0, 0.0, 0.0, 2.0, 0.0, 0.0, 0.0, 0.0, 0.0, 0.0]
Função Objetivo: 24.0722891566
